시간,시가,고가,저가,종가,5,20,120,거래량,거래대금
2024-06-19,"10,220","10,800","10,220","10,610","10,242.00","10,169.00","11,032.33","5,286,258","56,237,682,770"
2024-06-18,"10,400","10,470","10,100","10,120","10,190.00","10,150.00","11,035.03","1,932,712","19,668,639,160"
2024-06-17,"10,040","10,500","10,040","10,380","10,182.00","10,157.00","11,045.51","2,409,791","24,913,017,090"
2024-06-14,"10,060","10,090","10,010","10,040","10,116.00","10,152.00","11,059.98","1,079,403","10,835,846,520"
2024-06-13,"10,370","10,480","10,060","10,060","10,130.00","10,183.50","11,076.29","2,367,961","24,110,710,460"
2024-06-12,"10,250","10,500","10,170","10,350","10,142.00","10,213.00","11,089.82","1,454,474","15,005,345,160"
2024-06-11,"10,080","10,220","10,030","10,080","10,096.00","10,225.00","11,100.93","868,159","8,770,303,980"
2024-06-10,"10,050","10,150","9,990","10,050","10,146.00","10,255.00","11,113.98","940,494","9,453,606,870"
2024-06-07,"10,120","10,220","10,060","10,110","10,122.00","10,284.50","11,125.97","802,404","8,125,340,840"
2024-06-05,"10,140","10,270","10,090","10,120","10,110.00","10,314.00","11,136.30","604,857","6,148,321,510"
2024-06-04,"10,240","10,370","10,120","10,120","10,112.00","10,341.00","11,147.32","927,729","9,453,056,660"
2024-06-03,"10,090","10,500","10,090","10,330","10,178.00","10,362.50","11,158.80","1,808,223","18,746,910,890"
2024-05-31,"10,150","10,330","9,930","9,930","10,128.00","10,365.00","11,168.38","2,509,704","25,159,393,390"
2024-05-30,"10,030","10,180","9,990","10,050","10,140.00","10,395.50","11,180.90","1,031,500","10,382,720,640"
2024-05-29,"10,340","10,420","10,110","10,130","10,166.00","10,423.50","11,193.58","1,075,800","11,004,385,760"
2024-05-28,"10,050","10,450","10,030","10,450","10,180.00","10,433.00","11,204.91","1,560,745","16,078,194,480"
2024-05-27,"10,010","10,100","9,980","10,080","10,136.00","10,424.50","11,215.57","856,594","8,582,769,050"
2024-05-24,"10,100","10,130","9,980","9,990","10,172.00","10,432.50","11,229.38","1,178,955","11,803,633,080"
2024-05-23,"10,150","10,230","10,080","10,180","10,230.00","10,439.50","11,243.18","596,863","6,070,625,560"
2024-05-22,"10,250","10,310","10,160","10,200","10,328.00","10,437.00","11,258.87","512,394","5,238,681,300"
2024-05-21,"10,250","10,340","10,170","10,230","10,418.00","10,423.50","11,277.23","560,097","5,730,826,790"
2024-05-20,"10,380","10,420","10,240","10,260","10,490.00","10,414.50","11,297.20","679,288","7,018,947,360"
2024-05-17,"10,620","10,640","10,270","10,280","10,574.00","10,392.50","11,316.61","1,576,115","16,347,294,550"
2024-05-16,"10,750","10,920","10,660","10,670","10,646.00","10,366.00","11,335.77","1,635,364","17,621,783,460"
2024-05-14,"10,590","10,690","10,570","10,650","10,652.00","10,332.50","11,352.60","499,463","5,318,098,890"
2024-05-13,"10,650","10,690","10,550","10,590","10,654.00","10,301.00","11,368.68","652,631","6,919,745,510"
2024-05-10,"10,700","10,730","10,590","10,680","10,646.00","10,274.50","11,383.33","900,669","9,625,020,030"
2024-05-09,"10,700","10,740","10,510","10,640","10,586.00","10,256.00","11,395.84","1,235,205","13,114,346,070"
2024-05-08,"10,660","10,730","10,540","10,700","10,566.00","10,242.00","11,409.54","820,945","8,741,937,040"
2024-05-07,"10,740","10,820","10,600","10,660","10,548.00","10,220.00","11,423.13","1,239,090","13,244,765,330"
2024-05-03,"10,570","10,740","10,500","10,550","10,480.00","10,209.50","11,437.66","1,009,196","10,699,936,090"
2024-05-02,"10,510","10,570","10,370","10,380","10,426.00","10,193.50","11,454.34","653,214","6,813,380,670"
2024-04-30,"10,510","10,650","10,510","10,540","10,398.00","10,202.00","11,474.59","887,487","9,386,675,970"
2024-04-29,"10,350","10,620","10,350","10,610","10,316.00","10,216.50","11,486.28","1,626,699","17,131,512,530"
2024-04-26,"10,280","10,380","10,110","10,320","10,220.00","10,223.50","11,495.68","885,155","9,113,217,350"
2024-04-25,"10,140","10,490","10,070","10,280","10,142.00","10,236.50","11,504.03","1,169,670","12,052,732,280"
2024-04-24,"10,220","10,310","10,100","10,240","10,096.00","10,254.00","11,512.25","975,914","9,993,822,440"
2024-04-23,"10,080","10,230","10,060","10,130","10,012.00","10,284.00","11,522.43","578,950","5,855,895,810"
2024-04-22,"10,020","10,160","9,940","10,130","9,936.00","10,317.50","11,532.67","659,863","6,627,003,890"
2024-04-19,"9,990","10,070","9,820","9,930","9,910.00","10,348.50","11,541.29","965,241","9,580,294,400"
2024-04-18,"9,900","10,150","9,830","10,050","9,928.00","10,412.50","11,555.43","1,172,077","11,802,042,890"
2024-04-17,"9,800","9,930","9,770","9,820","9,930.00","10,460.00","11,563.58","1,058,854","10,433,630,920"
2024-04-16,"9,950","9,980","9,650","9,750","10,028.00","10,516.00","11,572.40","2,022,716","19,773,574,410"
2024-04-15,"9,990","10,100","9,980","10,000","10,150.00","10,579.50","11,582.96","1,205,100","12,066,207,530"
2024-04-12,"10,070","10,190","10,020","10,020","10,202.00","10,638.50","11,593.28","1,115,533","11,230,223,580"
2024-04-11,"10,300","10,310","10,010","10,060","10,288.00","10,715.00","11,604.44","3,187,341","32,106,445,550"
2024-04-09,"10,400","10,540","10,310","10,310","10,322.00","10,761.00","11,616.50","1,124,572","11,704,998,470"
2024-04-08,"10,270","10,400","10,140","10,360","10,370.00","10,797.00","11,625.63","1,038,637","10,683,121,340"
2024-04-05,"10,300","10,350","10,170","10,260","10,464.00","10,824.50","11,634.80","1,253,659","12,848,065,040"
2024-04-04,"10,300","10,520","10,290","10,450","10,562.00","10,857.00","11,645.50","1,320,239","13,745,021,120"
2024-04-03,"10,500","10,540","10,150","10,230","10,588.00","10,873.50","11,655.31","2,192,324","22,461,024,660"
2024-04-02,"10,730","10,860","10,520","10,550","10,668.00","10,902.00","11,663.41","1,773,881","18,856,390,420"
2024-04-01,"10,780","10,870","10,700","10,830","10,726.00","10,921.50","11,664.76","1,098,067","11,844,692,880"
2024-03-29,"10,640","10,840","10,590","10,750","10,720.00","10,935.00","11,669.55","1,596,994","17,119,943,620"
2024-03-28,"10,600","10,740","10,560","10,580","10,720.00","10,966.50","11,675.55","1,315,756","13,976,973,010"
2024-03-27,"10,770","10,840","10,470","10,630","10,846.00","11,003.50","11,688.36","3,098,958","32,814,603,000"
2024-03-26,"10,790","10,970","10,750","10,840","10,920.00","11,028.50","11,702.37","1,582,446","17,206,335,910"
2024-03-25,"10,750","10,840","10,690","10,800","10,940.00","11,062.50","11,716.33","905,981","9,760,701,010"
2024-03-22,"11,000","11,040","10,680","10,750","10,984.00","11,100.00","11,731.54","3,976,426","43,101,815,100"
2024-03-21,"11,070","11,290","11,060","11,210","11,070.00","11,146.50","11,744.02","1,136,552","12,712,501,370"
2024-03-20,"10,950","11,010","10,900","11,000","11,138.00","11,173.00","11,755.04","601,803","6,593,101,620"
2024-03-19,"10,980","10,990","10,860","10,940","11,134.00","11,215.00","11,768.05","729,899","7,957,786,840"
2024-03-18,"11,210","11,210","11,000","11,020","11,152.00","11,269.00","11,782.63","633,516","6,999,922,640"
2024-03-15,"11,540","11,540","11,050","11,180","11,130.00","11,310.00","11,797.33","2,383,174","26,651,702,560"
2024-03-14,"11,020","11,550","10,970","11,550","11,076.00","11,339.50","11,810.53","2,418,347","27,508,677,150"
2024-03-13,"11,090","11,160","10,980","10,980","10,922.00","11,352.00","11,817.33","727,268","8,054,667,170"
2024-03-12,"10,990","11,050","10,880","11,030","10,886.00","11,390.00","11,827.73","699,839","7,670,877,090"
2024-03-11,"10,910","10,960","10,770","10,910","10,868.00","11,425.50","11,836.95","578,096","6,289,152,110"
2024-03-08,"10,870","10,970","10,790","10,910","10,906.00","11,455.00","11,846.86","811,872","8,833,081,090"
2024-03-07,"10,870","10,890","10,550","10,780","11,000.00","11,482.50","11,857.15","1,042,887","11,169,868,250"
2024-03-06,"11,050","11,240","10,780","10,800","11,108.00","11,528.00","11,870.14","1,584,458","17,311,254,930"
2024-03-05,"11,100","11,200","10,940","10,940","11,174.00","11,582.50","11,887.36","1,361,585","15,028,593,170"
2024-03-04,"11,290","11,350","11,100","11,100","11,290.00","11,627.50","11,903.25","1,376,774","15,427,080,880"
2024-02-29,"11,210","11,380","10,940","11,380","11,380.00","11,655.00","11,914.81","2,850,393","31,987,134,210"
2024-02-28,"11,140","11,370","11,140","11,320","11,440.00","11,678.50","11,923.18","1,065,472","12,010,356,570"
2024-02-27,"11,540","11,540","11,090","11,130","11,524.00","11,720.00","11,934.22","1,403,272","15,832,408,340"
2024-02-26,"11,630","11,660","11,500","11,520","11,666.00","11,780.50","11,946.91","585,855","6,781,425,400"
2024-02-23,"11,750","11,760","11,460","11,550","11,766.00","11,820.00","11,953.66","1,246,301","14,394,674,750"
2024-02-22,"11,800","11,850","11,670","11,680","11,824.00","11,877.50","11,958.23","605,379","7,097,896,990"
2024-02-21,"11,950","11,950","11,700","11,740","11,842.00","11,936.35","11,964.03","1,034,972","12,166,293,020"
2024-02-20,"12,050","12,050","11,800","11,840","11,854.00","11,965.85","11,967.72","952,163","11,296,163,250"
2024-02-19,"11,840","12,070","11,780","12,020","11,834.00","11,976.00","11,970.88","1,952,310","23,327,804,860"
2024-02-16,"11,890","12,090","11,810","11,840","11,778.00","11,984.10","11,973.46","1,389,050","16,528,215,630"
2024-02-15,"11,920","11,920","11,750","11,770","11,710.00","11,981.30","11,976.08","841,566","9,941,753,520"
2024-02-14,"11,670","11,900","11,650","11,800","11,648.00","11,987.55","11,981.51","1,004,154","11,846,531,570"
2024-02-13,"11,780","11,790","11,600","11,740","11,626.00","12,005.25","11,985.93","996,709","11,691,971,600"
2024-02-08,"11,600","11,740","11,460","11,740","11,656.00","12,031.05","11,993.77","1,981,033","23,081,002,160"
2024-02-07,"11,580","11,610","11,350","11,500","11,676.00","12,072.55","12,003.92","955,327","10,983,523,140"
2024-02-06,"11,620","11,750","11,340","11,460","11,706.00","12,116.80","12,016.61","1,347,149","15,515,884,030"
2024-02-05,"11,730","11,870","11,640","11,690","11,784.00","12,188.00","12,029.87","1,125,627","13,175,838,820"
2024-02-02,"11,740","11,940","11,740","11,890","11,876.00","12,258.35","12,040.28","1,224,585","14,529,043,230"
2024-02-01,"11,370","11,880","11,370","11,840","11,966.00","12,278.05","12,049.18","1,442,069","16,899,667,150"
2024-01-31,"11,790","11,820","11,200","11,650","12,060.00","12,289.15","12,057.66","2,624,696","30,009,124,110"
2024-01-30,"12,240","12,350","11,830","11,850","12,270.00","12,320.35","12,067.87","1,423,136","17,093,796,450"
2024-01-29,"12,300","12,320","12,050","12,150","12,471.40","12,344.80","12,078.26","1,111,702","13,521,593,910"
2024-01-26,"12,290","12,650","12,260","12,340","12,507.40","12,326.05","12,087.38","1,140,562","14,211,177,070"
2024-01-25,"12,810","12,830","12,000","12,310","12,448.00","12,281.65","12,088.45","3,321,153","40,758,902,020"
2024-01-24,"12,894","13,115","12,552","12,700","12,422.40","12,232.25","12,089.85","3,175,978","40,571,801,410"
2024-01-23,"12,321","13,162","12,200","12,857","12,239.20","12,169.85","12,088.15","3,252,807","41,638,641,360"
2024-01-22,"12,145","12,515","12,108","12,330","12,046.80","12,089.40","12,083.76","1,467,396","18,123,066,900"
2024-01-19,"12,339","12,422","11,951","12,043","12,011.60","12,050.10","12,086.53","1,043,114","12,638,125,370"
2024-01-18,"11,858","12,478","11,775","12,182","12,054.20","11,994.65","12,092.54","1,749,858","21,420,625,950"
2024-01-17,"12,016","12,459","11,775","11,784","12,131.80","11,954.45","12,099.48","2,244,721","26,958,249,190"
2024-01-16,"12,071","12,173","11,803","11,895","12,252.00","11,971.10","12,112.50","1,496,131","17,836,042,920"
2024-01-15,"12,265","12,385","12,099","12,154","12,449.80","11,976.20","12,128.37","855,957","10,505,072,010"
2024-01-12,"12,478","12,635","12,219","12,256","12,638.40","11,952.65","12,142.85","847,481","10,468,018,000"
2024-01-11,"12,413","12,616","12,219","12,570","12,644.00","11,924.00","12,157.79","2,036,632","25,388,921,150"
2024-01-10,"12,894","12,903","12,385","12,385","12,542.40","11,877.80","12,170.12","1,712,786","21,529,287,750"
2024-01-09,"13,226","13,531","12,857","12,884","12,520.20","11,833.00","12,183.06","2,929,258","38,487,767,700"
2024-01-08,"12,348","13,291","12,330","13,097","12,411.20","11,756.30","12,189.53","6,880,240","89,462,766,900"
2024-01-05,"12,071","12,385","11,951","12,284","12,146.80","11,673.55","12,193.77","1,116,939","13,611,782,320"
2024-01-04,"12,182","12,200","11,942","12,062","11,980.40","11,634.25","12,203.63","1,042,945","12,544,167,360"
2024-01-03,"12,339","12,552","12,200","12,274","11,832.40","11,605.10","12,217.95","1,862,114","23,000,343,790"
2024-01-02,"11,775","12,496","11,683","12,339","11,668.00","11,563.05","12,233.67","2,869,456","35,017,434,200"
2023-12-28,"11,442","11,775","11,433","11,775","11,449.80","11,524.70","12,250.23","1,300,741","15,133,940,700"
2023-12-27,"11,313","11,452","11,267","11,452","11,403.60","11,510.40","12,274.42","742,613","8,441,737,930"
2023-12-26,"11,526","11,526","11,248","11,322","11,300.00","11,524.25","12,301.99","1,052,850","11,926,104,590"
2023-12-22,"11,359","11,526","11,285","11,452","11,311.20","11,545.05","12,329.03","1,075,812","12,263,906,050"
2023-12-21,"11,322","11,544","11,193","11,248","11,444.20","11,554.75","12,354.76","1,151,926","13,017,831,050"
2023-12-20,"10,953","11,553","10,953","11,544","11,594.00","11,595.45","12,382.18","3,895,922","44,221,506,990"
2023-12-19,"10,121","11,165","10,111","10,934","11,621.80","11,638.45","12,408.83","6,703,487","72,379,751,830"
2023-12-18,"11,951","11,951","11,285","11,378","11,771.60","11,723.05","12,441.80","4,839,472","55,412,075,410"
2023-12-15,"11,960","12,117","11,812","12,117","11,825.20","11,783.60","12,473.84","1,784,643","21,316,054,230"
2023-12-14,"11,831","12,062","11,452","11,997","11,699.60","11,806.70","12,500.96","3,749,736","44,313,354,840"
2023-12-13,"11,710","11,775","11,609","11,683","11,570.20","11,841.35","12,530.77","814,558","9,505,967,920"
2023-12-12,"11,701","11,821","11,646","11,683","11,522.00","11,886.15","12,564.50","1,323,943","15,533,309,750"
2023-12-11,"11,553","11,738","11,526","11,646","11,485.00","11,919.40","12,600.01","974,022","11,314,072,980"
2023-12-08,"11,396","11,627","11,369","11,489","11,451.60","11,946.20","12,630.74","1,241,549","14,232,665,890"
2023-12-07,"11,405","11,433","11,258","11,350","11,440.40","11,985.95","12,661.78","1,219,066","13,806,241,740"
2023-12-06,"11,470","11,674","11,442","11,442","11,484.80","12,034.95","12,694.21","1,197,212","13,832,765,680"
2023-12-05,"11,489","11,590","11,442","11,498","11,494.20","12,083.05","12,725.72","766,802","8,801,923,930"
2023-12-04,"11,526","11,600","11,415","11,479","11,540.40","12,135.75","12,755.37","936,717","10,762,104,200"
2023-12-01,"11,581","11,581","11,405","11,433","11,592.20","12,202.30","12,784.48","1,046,878","11,997,308,480"
2023-11-30,"11,498","11,609","11,433","11,572","11,634.80","12,227.75","12,814.60","1,500,672","17,317,570,140"
2023-11-29,"11,729","11,729","11,313","11,489","11,732.80","12,236.05","12,844.56","1,940,590","22,246,528,880"
2023-11-28,"11,803","11,803","11,692","11,729","11,915.80","12,227.70","12,875.06","680,845","7,992,134,180"
2023-11-27,"11,646","11,747","11,581","11,738","12,095.20","12,204.60","12,900.17","1,295,171","15,138,628,680"
2023-11-24,"12,080","12,108","11,627","11,646","12,265.40","12,190.75","12,924.98","2,320,925","27,397,859,520"
2023-11-23,"12,385","12,450","11,988","12,062","12,452.00","12,176.40","12,949.01","1,698,884","20,619,938,190"
2023-11-22,"12,524","12,552","12,358","12,404","12,577.60","12,131.55","12,972.27","931,070","11,571,952,450"
2023-11-21,"12,709","12,764","12,589","12,626","12,612.60","12,092.70","12,988.13","775,460","9,822,057,590"
2023-11-20,"12,589","12,663","12,561","12,589","12,557.00","12,012.75","13,002.84","467,117","5,887,627,110"
2023-11-17,"12,681","12,764","12,561","12,579","12,475.60","11,927.25","13,018.78","404,111","5,098,968,230"
2023-11-16,"12,589","12,764","12,542","12,690","12,416.60","11,849.15","13,035.50","653,320","8,263,152,600"
2023-11-15,"12,561","12,653","12,505","12,579","12,344.60","11,776.60","13,052.53","965,622","12,152,866,960"
2023-11-14,"12,330","12,367","12,154","12,348","12,309.60","11,715.60","13,073.63","513,036","6,306,185,570"
2023-11-13,"12,468","12,468","12,154","12,182","12,350.40","11,673.55","13,093.05","488,204","5,986,554,240"
2023-11-10,"12,210","12,385","12,108","12,284","12,476.00","11,634.70","13,113.00","574,566","7,046,674,780"
2023-11-09,"12,404","12,552","12,256","12,330","12,407.60","11,593.55","13,127.71","1,010,233","12,501,903,550"
2023-11-08,"12,700","12,718","12,367","12,404","12,289.20","11,554.25","13,140.34","922,525","11,500,034,370"
2023-11-07,"12,773","12,773","12,422","12,552","12,072.80","11,515.40","13,150.89","1,107,746","13,903,708,710"
2023-11-06,"12,311","12,810","12,293","12,810","11,815.80","11,447.90","13,162.37","2,865,632","36,058,603,330"
2023-11-03,"11,784","11,942","11,738","11,942","11,546.00","11,343.00","13,171.93","931,546","11,062,292,450"
2023-11-02,"11,553","11,738","11,516","11,738","11,429.40","11,316.15","13,188.79","1,628,683","18,981,263,180"
2023-11-01,"11,359","11,544","11,276","11,322","11,314.80","11,302.75","13,207.51","798,870","9,072,683,200"
2023-10-31,"11,572","11,646","11,202","11,267","11,375.80","11,342.50","13,225.84","1,127,300","12,799,725,860"
2023-10-30,"11,359","11,498","11,202","11,461","11,327.80","11,394.70","13,245.63","712,778","8,121,936,600"
2023-10-27,"11,248","11,479","11,193","11,359","11,211.40","11,447.40","13,265.73","715,921","8,122,256,550"
2023-10-26,"11,479","11,479","11,128","11,165","11,143.00","11,510.75","13,285.38","1,941,482","21,773,668,940"
2023-10-25,"11,063","11,905","11,054","11,627","11,157.80","11,564.85","13,309.41","2,518,329","29,011,821,980"
2023-10-24,"10,943","11,054","10,694","11,027","11,104.20","11,610.15","13,334.53","949,361","10,368,366,060"
2023-10-23,"11,017","11,073","10,869","10,879","11,200.20","11,686.85","13,367.41","914,849","10,009,027,350"
2023-10-20,"11,156","11,193","10,842","11,017","11,305.40","11,777.40","13,401.45","1,291,087","14,184,815,630"
2023-10-19,"11,258","11,322","11,073","11,239","11,394.20","11,865.70","13,435.58","1,017,050","11,403,552,960"
2023-10-18,"11,470","11,498","11,332","11,359","11,455.20","11,941.95","13,464.54","736,885","8,397,397,830"
2023-10-17,"11,526","11,637","11,479","11,507","11,508.80","11,992.35","13,493.73","765,154","8,836,617,290"
2023-10-16,"11,415","11,526","11,239","11,405","11,447.80","12,028.40","13,523.78","785,101","8,916,411,880"
2023-10-13,"11,470","11,618","11,341","11,461","11,309.20","12,064.95","13,553.90","1,058,696","12,101,658,210"
2023-10-12,"11,683","11,720","11,535","11,544","11,298.00","12,096.85","13,585.94","1,112,227","12,884,540,040"
2023-10-11,"11,248","11,674","11,248","11,627","11,283.20","12,126.90","13,619.38","1,896,913","21,901,404,010"
2023-10-10,"10,721","11,304","10,685","11,202","11,381.20","12,162.50","13,645.80","3,069,005","34,002,242,630"
2023-10-06,"11,313","11,322","10,490","10,712","11,603.00","12,245.70","13,672.14","5,290,150","57,277,831,350"
2023-10-05,"11,526","11,710","11,313","11,405","11,963.60","12,352.45","13,702.88","1,247,401","14,342,627,400"
2023-10-04,"12,117","12,126","11,313","11,470","12,207.80","12,406.55","13,728.83","3,617,965","41,876,437,430"
2023-09-27,"12,136","12,256","12,108","12,117","12,363.20","12,452.30","13,754.56","1,345,079","16,331,153,620"
2023-09-26,"12,496","12,552","12,182","12,311","12,446.40","12,478.65","13,776.74","1,139,100","14,022,166,490"
2023-09-25,"12,570","12,663","12,422","12,515","12,496.40","12,495.75","13,793.23","860,198","10,757,487,010"
2023-09-22,"12,228","12,736","12,200","12,626","12,531.40","12,486.50","13,813.56","2,204,122","27,770,485,530"
2023-09-21,"12,422","12,468","12,247","12,247","12,562.80","12,460.15","13,834.89","1,119,386","13,804,838,460"
2023-09-20,"12,579","12,644","12,450","12,533","12,666.20","12,466.60","13,857.61","1,021,212","12,781,980,800"
2023-09-19,"12,764","12,764","12,505","12,561","12,633.00","12,449.05","13,876.87","1,077,801","13,568,270,730"
2023-09-18,"12,681","12,866","12,635","12,690","12,566.40","12,431.95","13,897.51","788,690","10,033,885,160"
2023-09-15,"12,727","12,857","12,616","12,783","12,455.60","12,413.95","13,906.83","1,676,278","21,392,907,420"
2023-09-14,"12,524","12,968","12,505","12,764","12,318.80","12,382.50","13,917.77","3,265,752","41,541,484,470"
2023-09-13,"12,339","12,450","12,071","12,367","12,195.00","12,365.40","13,925.08","1,629,190","19,997,118,250"
2023-09-12,"12,191","12,441","12,145","12,228","12,189.40","12,363.55","13,934.17","1,444,480","17,790,424,990"
2023-09-11,"12,099","12,163","11,979","12,136","12,317.00","12,386.20","13,942.33","1,031,178","12,452,279,390"
2023-09-08,"12,154","12,228","12,025","12,099","12,459.20","12,427.30","13,953.34","1,205,392","14,565,412,480"
2023-09-07,"12,321","12,330","12,136","12,145","12,536.80","12,473.50","13,964.51","1,510,909","18,414,809,110"
2023-09-06,"12,783","12,801","12,256","12,339","12,584.80","12,518.80","13,972.44","2,613,411","32,421,222,380"
2023-09-05,"12,847","12,977","12,755","12,866","12,645.80","12,548.85","13,978.14","864,907","11,132,994,970"
2023-09-04,"12,598","12,986","12,570","12,847","12,603.20","12,553.45","13,980.45","1,418,802","18,201,636,500"
2023-09-01,"12,385","12,690","12,367","12,487","12,499.80","12,553.95","13,988.85","1,174,877","14,735,408,890"
2023-08-31,"12,681","12,736","12,348","12,385","12,422.20","12,573.35","13,998.78","1,761,445","21,951,382,160"
2023-08-30,"12,875","12,884","12,626","12,644","12,420.40","12,608.95","14,012.96","1,314,191","16,744,413,260"
2023-08-29,"12,358","12,700","12,302","12,653","12,328.00","12,639.00","14,024.67","1,225,538","15,424,278,340"
2023-08-28,"12,237","12,394","12,163","12,330","12,241.20","12,629.75","14,036.45","1,048,429","12,888,762,280"
2023-08-25,"12,219","12,302","12,034","12,099","12,241.20","12,637.15","14,052.47","1,171,665","14,243,293,350"
2023-08-24,"12,293","12,441","12,265","12,376","12,252.20","12,657.00","14,068.33","680,751","8,412,773,680"
2023-08-23,"12,108","12,265","12,099","12,182","12,261.40","12,654.70","14,081.12","689,793","8,413,870,950"
2023-08-22,"12,404","12,515","12,154","12,219","12,291.00","12,678.75","14,097.37","1,091,286","13,400,263,210"
2023-08-21,"12,154","12,441","12,126","12,330","12,383.40","12,706.00","14,112.62","952,406","11,714,885,900"
2023-08-18,"12,247","12,256","12,025","12,154","12,509.00","12,740.20","14,127.25","1,654,496","20,028,062,060"
2023-08-17,"12,200","12,459","12,136","12,422","12,682.80","12,799.85","14,146.89","1,104,958","13,583,720,040"
2023-08-16,"12,616","12,635","12,256","12,330","12,808.60","12,868.70","14,163.68","1,479,314","18,376,662,090"
2023-08-14,"12,958","12,986","12,635","12,681","12,930.60","12,946.80","14,186.87","935,809","11,939,260,200"
2023-08-11,"13,032","13,273","12,940","12,958","12,986.00","13,015.20","14,204.97","1,185,896","15,501,722,430"
2023-08-10,"12,940","13,032","12,626","13,023","12,965.80","13,069.75","14,213.91","1,502,486","19,345,456,730"
2023-08-09,"12,949","13,088","12,866","13,051","12,936.20","13,115.50","14,222.92","857,111","11,124,616,360"
2023-08-08,"13,106","13,106","12,847","12,940","12,945.40","13,146.00","14,227.08","926,682","12,018,725,460"
2023-08-07,"12,857","13,208","12,672","12,958","13,006.40","13,179.25","14,232.47","1,135,964","14,800,111,410"
2023-08-04,"12,903","13,106","12,857","12,857","12,908.40","13,204.70","14,235.01","990,145","12,838,257,610"
2023-08-03,"13,032","13,078","12,764","12,875","12,832.60","13,250.90","14,239.70","1,222,996","15,755,219,850"
2023-08-02,"13,180","13,310","12,949","13,097","12,756.80","13,315.15","14,243.63","1,426,839","18,693,149,450"
2023-08-01,"12,478","13,254","12,394","13,245","12,603.40","13,376.60","14,244.79","2,699,928","35,155,104,170"
2023-07-31,"12,570","12,589","12,394","12,468","12,487.00","13,448.25","14,242.63","1,337,728","16,685,107,060"
2023-07-28,"12,367","12,579","12,126","12,478","12,546.20","13,562.90","14,244.87","1,671,880","20,677,945,080"
2023-07-27,"12,339","12,542","12,071","12,496","12,653.40","13,667.35","14,249.79","2,925,414","36,089,148,520"
2023-07-26,"12,496","12,663","12,052","12,330","12,823.60","13,769.50","14,252.95","2,726,515","33,447,655,130"
2023-07-25,"12,810","12,829","12,579","12,663","13,117.40","13,879.95","14,256.57","1,765,749","22,395,497,770"
2023-07-24,"13,014","13,014","12,672","12,764","13,363.20","13,983.90","14,255.87","2,094,719","26,784,245,730"
2023-07-21,"13,282","13,282","12,958","13,014","13,620.20","14,090.20","14,255.79","2,118,035","27,667,446,670"
2023-07-20,"13,652","13,670","13,180","13,347","13,827.20","14,200.65","14,256.56","2,691,368","35,862,590,860"
2023-07-19,"14,003","14,040","13,735","13,799","13,945.40","14,301.85","14,250.01","862,035","11,926,200,032"
2023-07-18,"14,188","14,188","13,818","13,892","13,917.80","14,390.60","14,236.99","903,416","12,576,873,030"
2023-07-17,"14,049","14,215","13,947","14,049","13,860.40","14,482.55","14,222.89","868,991","12,216,929,330"
2023-07-14,"13,984","14,160","13,883","14,049","13,744.00","14,577.30","14,208.26","1,160,816","16,302,500,710"
2023-07-13,"13,762","14,104","13,725","13,938","13,690.40","14,641.55","14,192.85","1,648,603","23,018,370,430"
2023-07-12,"13,624","13,698","13,541","13,661","13,734.80","14,705.35","14,179.14","1,155,588","15,734,988,060"
2023-07-11,"13,578","13,661","13,420","13,605","13,867.80","14,784.35","14,167.74","1,159,431","15,687,260,590"
2023-07-10,"13,790","13,846","13,439","13,467","14,082.40","14,865.25","14,155.27","1,388,867","18,871,564,590"
2023-07-07,"14,058","14,114","13,716","13,781","14,341.20","14,944.70","14,142.40","1,836,748","25,467,134,630"
2023-07-06,"14,326","14,502","14,095","14,160","14,498.40","15,004.30","14,128.08","1,763,408","25,166,703,190"
2023-07-05,"14,650","14,659","13,957","14,326","14,574.20","15,048.65","14,113.67","3,785,899","53,853,285,300"
2023-07-04,"14,835","15,038","14,641","14,678","14,616.80","15,090.70","14,097.88","1,105,086","16,364,865,720"
2023-07-03,"14,696","14,983","14,650","14,761","14,629.60","15,114.25","14,077.62","1,365,251","20,244,146,600"
2023-06-30,"14,604","14,668","14,428","14,567","14,655.40","15,113.30","14,054.74","1,219,942","17,751,823,550"
2023-06-29,"14,539","14,613","14,382","14,539","14,786.60","15,120.70","14,033.48","1,054,971","15,315,325,770"
2023-06-28,"14,890","15,010","14,520","14,539","14,953.00","15,120.25","14,009.38","1,006,639","14,766,283,530"
2023-06-27,"14,890","14,955","14,668","14,742","15,160.00","15,135.95","13,984.49","1,093,901","16,182,732,100"
2023-06-26,"15,177","15,288","14,825","14,890","15,357.80","15,114.25","13,957.53","1,160,979","17,407,657,680"
2023-06-23,"15,389","15,482","15,195","15,223","15,568.60","15,089.30","13,930.88","827,428","12,647,856,490"
2023-06-22,"15,528","15,620","15,334","15,371","15,590.80","15,053.25","13,903.38","1,155,546","17,805,077,800"
2023-06-21,"15,713","15,796","15,565","15,574","15,559.40","15,013.95","13,872.34","1,122,091","17,556,204,310"
2023-06-20,"15,944","15,944","15,565","15,731","15,492.80","14,971.90","13,840.38","1,258,097","19,768,436,990"
2023-06-19,"15,435","15,990","15,426","15,944","15,391.20","14,940.95","13,809.42","3,245,195","51,130,344,980"
2023-06-16,"15,306","15,574","15,278","15,334","15,213.60","14,877.65","13,774.37","2,145,375","33,056,776,840"
2023-06-15,"15,288","15,343","15,029","15,214","15,141.40","14,839.75","13,746.72","1,290,608","19,603,048,150"
2023-06-14,"15,251","15,408","15,186","15,241","15,108.00","14,781.50","13,722.76","1,716,233","26,240,812,480"
2023-06-13,"15,158","15,297","14,973","15,223","15,093.20","14,711.75","13,698.96","1,284,336","19,447,287,480"
2023-06-12,"15,103","15,620","15,020","15,056","15,078.40","14,634.10","13,679.16","2,681,755","41,096,826,230"
2023-06-09,"15,093","15,140","14,835","14,973","15,015.60","14,577.75","13,663.45","1,621,577","24,272,673,960"
2023-06-08,"15,130","15,149","14,816","15,047","14,964.00","14,526.95","13,643.81","1,673,373","25,019,597,820"
2023-06-07,"15,306","15,389","15,020","15,167","14,860.60","14,472.90","13,626.25","2,164,977","32,878,598,000"
2023-06-05,"14,770","15,158","14,770","15,149","14,797.80","14,413.75","13,607.31","1,471,101","22,135,104,980"
2023-06-02,"14,862","14,955","14,696","14,742","14,629.60","14,332.40","13,586.98","1,051,837","15,537,706,780"
2023-06-01,"14,511","15,047","14,493","14,715","14,559.40","14,277.40","13,571.58","1,239,550","18,364,716,470"
2023-05-31,"14,881","15,075","14,530","14,530","14,516.80","14,235.30","13,558.33","2,670,266","39,099,881,860"
2023-05-30,"14,483","14,992","14,326","14,853","14,527.80","14,194.60","13,547.00","2,218,955","32,824,349,640"
2023-05-26,"14,419","14,622","14,262","14,308","14,503.80","14,154.40","13,534.91","1,155,646","16,659,137,660"
2023-05-25,"14,428","14,557","14,354","14,391","14,664.60","14,171.05","13,529.67","857,582","12,366,714,660"
2023-05-24,"14,548","14,631","14,345","14,502","14,722.00","14,200.15","13,521.04","1,126,567","16,302,963,960"
2023-05-23,"14,788","14,825","14,539","14,585","14,736.80","14,223.25","13,511.88","1,084,374","15,877,069,230"
2023-05-22,"15,112","15,121","14,687","14,733","14,629.60","14,249.60","13,503.18","1,474,384","21,853,261,350"
2023-05-19,"14,733","15,130","14,631","15,112","14,452.20","14,248.70","13,493.24","1,849,129","27,734,416,920"
2023-05-18,"14,613","14,742","14,437","14,678","14,163.80","14,236.20","13,479.76","1,325,690","19,356,207,600"
2023-05-17,"14,280","14,881","14,280","14,576","14,014.00","14,257.90","13,471.43","3,763,981","54,887,690,020"
2023-05-16,"13,966","14,178","13,707","14,049","13,890.20","14,280.10","13,461.65","1,596,972","22,343,463,340"
2023-05-15,"13,624","13,920","13,578","13,846","13,873.60","14,342.95","13,458.57","970,607","13,377,600,850"
2023-05-12,"13,855","13,864","13,550","13,670","13,901.20","14,428.45","13,457.56","1,330,041","18,203,410,690"
2023-05-11,"14,058","14,132","13,827","13,929","13,871.60","14,484.85","13,454.56","952,306","13,308,296,540"
2023-05-10,"13,920","14,095","13,772","13,957","13,814.20","14,506.55","13,452.09","765,732","10,700,054,120"
2023-05-09,"13,984","14,067","13,883","13,966","13,797.40","14,528.70","13,450.16","797,722","11,155,354,260"
2023-05-08,"13,596","14,012","13,541","13,984","13,747.40","14,556.40","13,446.62","1,486,934","20,635,940,140"
2023-05-04,"13,587","13,689","13,457","13,522","13,760.40","14,585.05","13,448.70","913,977","12,375,586,260"
2023-05-03,"13,799","13,818","13,513","13,642","13,984.20","14,647.90","13,446.16","1,514,096","20,642,630,540"
2023-05-02,"13,781","13,975","13,716","13,873","14,250.40","14,680.25","13,442.23","1,123,151","15,539,542,210"
2023-04-28,"14,067","14,188","13,689","13,716","14,468.60","14,734.35","13,437.93","1,763,226","24,419,216,440"
2023-04-27,"14,557","14,715","13,716","14,049","14,747.80","14,807.85","13,426.83","4,087,901","57,082,053,530"
2023-04-26,"14,872","14,964","14,354","14,641","14,881.00","14,854.05","13,412.97","2,099,823","30,753,894,960"
2023-04-25,"15,112","15,297","14,798","14,973","14,925.20","14,864.20","13,390.32","1,482,065","22,281,283,960"
2023-04-24,"15,167","15,251","14,733","14,964","14,953.00","14,867.45","13,367.21","1,483,107","22,149,057,640"
2023-04-21,"14,742","15,232","14,613","15,112","14,964.20","14,809.70","13,343.79","2,171,217","32,736,979,810"
2023-04-20,"14,862","14,946","14,631","14,715","15,003.00","14,758.85","13,316.06","1,192,128","17,613,150,580"
2023-04-19,"15,112","15,195","14,835","14,862","15,171.20","14,705.20","13,289.33","1,433,275","21,370,736,640"
2023-04-18,"15,315","15,870","15,075","15,112","15,158.40","14,634.95","13,265.99","3,081,359","47,503,206,480"
2023-04-17,"15,288","15,288","14,825","15,020","15,008.60","14,539.75","13,242.12","1,477,149","22,103,851,830"
2023-04-14,"15,648","15,657","15,140","15,306","14,884.60","14,461.60","13,220.16","2,764,588","42,327,722,970"
2023-04-13,"15,251","15,898","15,066","15,556","14,727.40","14,368.25","13,201.98","9,035,545","140,806,178,050"
2023-04-12,"14,373","14,825","14,280","14,798","14,527.60","14,245.30","13,184.03","2,128,543","30,978,654,330"
2023-04-11,"14,336","14,456","14,243","14,363","14,523.80","14,156.55","13,173.94","1,028,627","14,770,068,160"
2023-04-10,"14,511","14,511","14,243","14,400","14,509.00","14,095.55","13,164.01","1,140,276","16,410,078,580"
2023-04-07,"14,622","14,816","14,391","14,520","14,620.00","14,068.30","13,158.38","1,243,309","18,084,333,320"
2023-04-06,"14,687","14,715","14,428","14,557","14,753.20","14,026.25","13,148.68","1,278,940","18,571,220,300"
2023-04-05,"14,234","14,788","14,225","14,779","14,836.40","14,002.70","13,130.97","1,583,205","23,039,247,050"
2023-04-04,"14,909","15,020","14,234","14,289","14,849.40","13,966.20","13,111.79","2,375,812","34,466,161,880"
2023-04-03,"15,010","15,075","14,409","14,955","14,999.20","13,955.10","13,097.85","2,800,803","41,327,410,730"
2023-03-31,"15,149","15,509","15,020","15,186","14,770.00","13,919.95","13,080.28","2,719,286","41,531,169,120"
2023-03-30,"14,881","15,149","14,604","14,973","14,551.80","13,860.80","13,058.87","2,308,722","34,427,480,100"
2023-03-29,"15,093","15,241","14,511","14,844","14,285.60","13,807.65","13,040.77","3,161,323","46,863,359,210"
2023-03-28,"14,077","15,602","14,077","15,038","14,008.20","13,772.05","13,021.43","11,806,302","176,790,209,280"
2023-03-27,"14,151","14,188","13,744","13,809","13,642.20","13,722.60","12,991.63","963,617","13,399,089,370"
2023-03-24,"13,550","14,197","13,504","14,095","13,571.80","13,736.45","12,968.98","1,405,555","19,458,632,250"
2023-03-23,"13,374","13,864","13,263","13,642","13,440.60","13,757.25","12,943.56","1,016,472","13,880,070,410"
2023-03-22,"13,263","13,513","13,023","13,457","13,331.60","13,797.00","12,922.68","1,046,684","13,876,405,320"
2023-03-21,"13,578","13,670","13,106","13,208","13,244.80","13,879.75","12,905.28","989,200","13,129,725,720"
2023-03-20,"13,485","13,772","13,430","13,457","13,231.80","13,962.00","12,890.34","703,460","9,558,596,660"
2023-03-17,"13,226","13,494","13,226","13,439","13,311.40","13,990.70","12,879.48","1,282,004","17,193,587,880"
2023-03-16,"13,014","13,189","12,810","13,097","13,359.40","14,023.95","12,874.17","1,024,103","13,375,902,800"
2023-03-15,"13,337","13,420","12,949","13,023","13,557.20","14,046.60","12,872.86","1,181,821","15,543,544,160"
2023-03-14,"13,605","13,818","13,078","13,143","13,762.40","14,074.80","12,874.86","1,345,313","17,950,510,190"
2023-03-13,"13,633","13,883","13,494","13,855","13,947.20","14,080.80","12,875.48","976,104","13,368,020,540"
2023-03-10,"13,957","13,957","13,439","13,679","14,026.60","14,059.05","12,871.70","1,706,309","23,252,663,340"
2023-03-09,"14,123","14,280","14,049","14,086","14,091.40","14,042.45","12,872.86","1,271,358","17,966,335,770"
2023-03-08,"13,920","14,077","13,864","14,049","14,056.20","13,999.95","12,872.55","934,003","13,070,189,390"
2023-03-07,"14,373","14,409","14,067","14,067","14,072.80","13,946.80","12,877.18","1,000,514","14,172,632,830"
2023-03-06,"14,169","14,354","13,938","14,252","14,069.20","13,880.25","12,877.03","1,536,894","21,775,010,440"
2023-03-03,"13,966","14,104","13,809","14,003","14,036.00","13,821.10","12,878.80","1,145,492","15,971,914,500"
2023-03-02,"14,077","14,446","13,883","13,910","14,137.60","13,764.70","12,887.28","1,615,658","22,719,654,870"
2023-02-28,"14,049","14,465","13,957","14,132","14,243.00","13,707.40","12,894.59","2,011,155","28,596,547,430"
2023-02-27,"13,938","14,077","13,836","14,049","14,439.00","13,629.75","12,897.75","811,991","11,346,830,850"
2023-02-24,"14,419","14,446","13,975","14,086","14,599.80","13,565.05","12,901.60","1,732,254","24,472,372,610"
2023-02-23,"14,530","14,927","14,419","14,511","14,588.80","13,516.05","12,904.38","1,767,864","25,847,535,590"
2023-02-22,"14,853","14,973","14,373","14,437","14,507.40","13,418.55","12,902.45","2,293,135","33,536,643,520"
2023-02-21,"14,890","15,334","14,881","15,112","14,330.00","13,308.55","12,896.52","3,707,186","56,182,405,110"
2023-02-20,"14,049","14,973","14,003","14,853","14,025.00","13,162.95","12,889.20","3,957,641","58,171,007,340"
2023-02-17,"13,957","14,262","13,929","14,031","13,707.00","13,034.95","12,885.58","1,496,520","21,101,597,570"
2023-02-16,"13,633","14,141","13,578","14,104","13,584.80","12,943.40","12,887.28","2,677,552","37,429,710,810"
2023-02-15,"13,587","13,827","13,513","13,550","13,433.40","12,852.85","12,887.20","1,640,917","22,440,205,350"
2023-02-14,"13,328","13,753","13,328","13,587","13,370.60","12,790.00","12,896.37","1,896,190","25,840,448,750"
2023-02-13,"13,393","13,402","13,162","13,263","13,250.40","12,716.05","12,913.31","969,945","12,879,269,260"
2023-02-10,"13,208","13,485","13,162","13,420","13,145.00","12,649.05","12,927.95","1,221,804","16,252,426,960"
2023-02-09,"13,143","13,550","13,069","13,347","13,074.80","12,581.15","12,943.21","1,808,967","24,027,987,120"
2023-02-08,"12,986","13,374","12,912","13,236","12,980.40","12,535.35","12,959.84","1,805,777","23,775,366,870"
2023-02-07,"12,690","13,254","12,663","12,986","12,886.00","12,495.10","12,976.63","1,520,243","19,750,936,190"
2023-02-06,"13,005","13,005","12,736","12,736","12,804.60","12,458.15","12,996.66","985,660","12,655,649,140"
2023-02-03,"12,866","13,097","12,820","13,069","12,808.40","12,422.15","13,012.23","1,252,313","16,310,739,590"
2023-02-02,"12,921","13,014","12,736","12,875","12,815.80","12,369.50","13,025.78","1,181,378","15,232,859,660"
2023-02-01,"12,598","12,968","12,589","12,764","12,753.00","12,308.05","13,037.88","1,257,680","16,071,144,520"
2023-01-31,"12,718","12,912","12,524","12,579","12,647.60","12,247.50","13,052.05","1,771,470","22,441,476,210"
2023-01-30,"13,060","13,097","12,616","12,755","12,571.80","12,193.90","13,070.46","1,766,373","22,560,601,800"
2023-01-27,"12,478","13,106","12,302","13,106","12,479.40","12,140.75","13,082.78","3,172,792","40,742,756,100"
2023-01-26,"12,237","12,635","12,228","12,561","12,298.20","12,081.60","13,090.64","1,529,657","19,131,976,950"
2023-01-25,"12,274","12,302","12,154","12,237","12,244.60","12,035.85","13,103.04","860,593","10,529,783,640"
2023-01-20,"12,247","12,339","12,200","12,200","12,255.80","12,010.90","13,118.91","555,711","6,802,362,850"
2023-01-19,"12,154","12,339","12,108","12,293","12,237.40","12,001.70","13,135.86","582,109","7,138,791,000"
2023-01-18,"12,293","12,293","12,062","12,200","12,163.40","11,973.95","13,149.33","965,132","11,742,732,600"
2023-01-17,"12,339","12,385","12,062","12,293","12,135.80","11,964.75","13,163.20","880,747","10,796,510,800"
2023-01-16,"12,154","12,478","12,108","12,293","12,163.40","11,967.05","13,178.22","1,213,649","14,987,717,550"
2023-01-13,"12,062","12,570","12,062","12,108","12,191.00","11,971.65","13,194.01","2,277,333","27,930,285,250"
2023-01-12,"12,062","12,108","11,692","11,923","12,218.80","12,008.60","13,212.88","2,959,387","35,205,212,950"
2023-01-11,"12,431","12,570","11,923","12,062","12,237.40","12,071.00","13,232.53","2,515,630","30,506,352,900"
2023-01-10,"12,385","12,570","12,293","12,431","12,228.20","12,098.70","13,250.24","1,001,906","12,469,057,950"
2023-01-09,"12,431","12,478","12,200","12,431","12,071.20","12,124.15","13,265.65","838,945","10,397,594,250"
2023-01-06,"11,923","12,478","11,877","12,247","11,895.60","12,147.30","13,279.13","1,212,049","14,826,565,650"
2023-01-05,"12,016","12,154","11,923","12,016","11,747.60","12,170.40","13,291.07","1,085,325","13,064,409,250"
2023-01-04,"11,600","12,247","11,553","12,016","11,682.80","12,214.30","13,305.70","1,605,113","19,325,796,950"
2023-01-03,"11,507","11,738","11,184","11,646","11,664.20","12,269.75","13,318.41","1,461,927","16,749,335,500"
2023-01-02,"11,553","11,600","11,415","11,553","11,664.20","12,346.00","13,337.28","674,037","7,765,404,050"
2022-12-29,"11,553","11,692","11,461","11,507","11,701.20","12,438.45","13,358.46","931,179","10,759,546,100"
2022-12-28,"11,692","11,877","11,600","11,692","11,803.00","12,547.05","13,381.95","1,015,320","11,870,796,150"
2022-12-27,"11,692","12,016","11,692","11,923","11,812.20","12,630.25","13,402.75","1,152,113","13,670,924,350"
2022-12-26,"11,784","12,016","11,553","11,646","11,830.80","12,704.20","13,418.54","1,345,642","15,778,917,900"
2022-12-23,"11,738","11,831","11,646","11,738","11,969.40","12,798.95","13,433.18","735,958","8,657,932,150"
2022-12-22,"11,877","12,062","11,831","12,016","12,098.80","12,889.10","13,445.88","1,073,952","12,829,760,750"
2022-12-21,"12,016","12,154","11,646","11,738","12,265.00","12,963.00","13,457.82","1,497,500","17,609,064,550"
2022-12-20,"12,293","12,293","11,923","12,016","12,551.60","13,060.05","13,474.38","1,118,591","13,470,909,800"
2022-12-19,"12,293","12,385","12,062","12,339","12,671.60","13,129.35","13,489.78","868,467","10,621,079,100"
2022-12-16,"12,524","12,663","12,293","12,385","12,791.80","13,196.35","13,505.95","2,183,329","27,125,450,000"
2022-12-15,"13,032","13,310","12,801","12,847","12,893.60","13,263.35","13,519.82","880,192","11,437,174,500"
2022-12-14,"12,755","13,171","12,755","13,171","12,866.00","13,286.50","13,528.29","1,141,846","14,887,166,900"
2022-12-13,"12,986","13,078","12,616","12,616","12,810.60","13,309.60","13,535.23","746,385","9,494,260,400"
2022-12-12,"12,847","13,032","12,663","12,940","12,912.40","13,365.05","13,549.09","658,685","8,471,184,700"
2022-12-09,"12,663","13,078","12,663","12,894","12,958.60","13,395.10","13,560.64","1,168,794","15,040,563,150"
2022-12-08,"12,801","12,894","12,293","12,709","13,060.20","13,462.10","13,576.04","2,767,531","34,837,378,400"
2022-12-07,"12,986","13,171","12,847","12,894","13,254.20","13,487.50","13,595.30","885,403","11,490,586,950"
2022-12-06,"13,032","13,217","12,847","13,125","13,346.60","13,501.35","13,612.24","1,232,984","16,117,623,750"
2022-12-05,"13,402","13,494","13,032","13,171","13,402.00","13,512.90","13,628.03","1,002,267","13,286,805,900"
2022-12-02,"13,772","13,818","13,356","13,402","13,476.00","13,473.60","13,643.83","908,818","12,323,615,700"
2022-12-01,"13,633","14,003","13,587","13,679","13,503.80","13,422.75","13,663.08","1,964,826","27,125,948,300"
2022-11-30,"13,310","13,494","12,986","13,356","13,466.80","13,334.95","13,681.58","2,313,426","30,794,838,800"
2022-11-29,"13,494","13,541","13,310","13,402","13,531.40","13,277.15","13,701.98","979,012","13,123,044,750"
2022-11-28,"13,541","13,772","13,171","13,541","13,531.40","13,214.75","13,721.24","1,303,552","17,664,605,750"
2022-11-25,"13,541","13,633","13,263","13,541","13,559.00","13,126.90","13,741.65","849,578","11,430,788,600"
2022-11-24,"13,772","13,864","13,448","13,494","13,595.80","13,025.20","13,762.44","980,766","13,284,642,450"
2022-11-23,"13,541","13,818","13,448","13,679","13,559.00","12,953.60","13,783.63","1,501,330","20,573,361,150"
2022-11-22,"13,633","13,818","13,402","13,402","13,549.80","12,882.00","13,802.88","1,613,106","21,818,673,600"
2022-11-21,"13,725","13,957","13,448","13,679","13,614.40","12,831.15","13,824.07","1,534,939","21,018,370,250"
2022-11-18,"13,356","13,818","13,171","13,725","13,586.80","12,803.45","13,842.17","2,589,482","35,067,785,150"
2022-11-17,"13,494","13,633","13,310","13,310","13,688.60","12,787.30","13,860.28","923,529","12,399,696,400"
2022-11-16,"13,772","13,818","13,356","13,633","13,670.00","12,801.15","13,881.84","1,359,190","18,425,495,750"
2022-11-15,"13,633","13,772","13,494","13,725","13,577.60","12,778.05","13,903.03","1,126,386","15,386,475,400"
2022-11-14,"14,234","14,280","13,494","13,541","13,503.80","12,778.05","13,920.74","2,486,607","34,181,629,750"
2022-11-11,"13,725","14,280","13,633","14,234","13,272.60","12,768.80","13,936.92","3,688,896","51,563,355,750"
2022-11-10,"13,078","13,587","13,032","13,217","12,902.80","12,678.65","13,951.55","2,208,502","29,259,929,750"
2022-11-09,"13,402","13,541","13,125","13,171","12,644.00","12,641.70","13,972.73","1,688,683","22,491,688,300"
2022-11-08,"12,570","13,633","12,524","13,356","12,449.80","12,613.95","13,994.30","5,282,141","70,394,204,000"
2022-11-07,"12,524","12,663","12,108","12,385","12,209.40","12,588.50","14,016.63","1,655,158","20,504,758,450"
2022-11-04,"11,831","12,570","11,692","12,385","12,089.20","12,600.05","14,043.98","2,242,954","27,189,960,050"
2022-11-03,"11,877","12,200","11,784","11,923","11,913.60","12,620.85","14,070.56","1,483,599","17,749,360,400"
2022-11-02,"12,016","12,293","11,784","12,200","11,941.40","12,650.90","14,103.29","1,205,552","14,622,927,600"
2022-11-01,"11,692","12,154","11,646","12,154","11,950.80","12,613.95","14,132.18","1,706,325","20,425,062,350"
2022-10-31,"11,600","11,969","11,322","11,784","11,997.00","12,560.80","14,162.23","2,108,678","24,647,659,750"
2022-10-28,"11,969","12,016","11,415","11,507","12,265.20","12,523.85","14,197.28","2,325,212","26,903,051,500"
2022-10-27,"12,108","12,247","11,322","12,062","12,644.20","12,505.35","14,234.63","3,222,002","38,245,569,700"
2022-10-26,"12,431","12,570","11,831","12,247","12,949.20","12,470.70","14,262.74","1,640,407","20,148,623,350"
2022-10-25,"13,263","13,356","12,247","12,385","13,134.00","12,429.10","14,289.70","2,807,364","35,644,935,050"
2022-10-24,"13,448","13,772","13,078","13,125","13,402.00","12,417.55","14,312.81","1,908,965","25,415,417,000"
2022-10-21,"13,541","13,679","13,171","13,402","13,448.20","12,401.35","14,337.45","1,458,555","19,532,674,800"
2022-10-20,"13,217","13,587","12,986","13,587","13,254.00","12,378.25","14,365.18","1,685,284","22,426,627,000"
2022-10-19,"13,725","13,725","12,940","13,171","13,032.20","12,362.05","14,391.36","1,993,721","26,397,154,700"
2022-10-18,"13,448","13,864","13,448","13,725","12,921.20","12,364.35","14,425.25","2,267,135","30,926,874,200"
2022-10-17,"12,339","13,494","12,247","13,356","12,745.60","12,348.20","14,454.14","3,122,859","41,191,458,000"
2022-10-14,"12,709","12,894","12,385","12,431","12,597.60","12,371.30","14,488.80","1,231,508","15,471,241,600"
2022-10-13,"12,616","12,709","12,339","12,478","12,671.60","12,452.20","14,530.78","1,217,777","15,202,150,550"
2022-10-12,"12,755","12,940","12,570","12,616","12,680.80","12,558.50","14,568.91","1,926,927","24,545,104,700"
2022-10-11,"12,339","12,847","12,247","12,847","12,449.80","12,630.15","14,612.04","2,817,185","35,548,888,700"
2022-10-07,"12,663","13,402","12,524","12,616","12,098.60","12,711.05","14,654.79","5,422,923","69,853,940,750"
2022-10-06,"12,478","12,847","12,385","12,801","11,784.40","12,831.25","14,696.39","2,083,599","26,302,005,860"
2022-10-05,"12,016","12,524","11,923","12,524","11,451.60","12,930.60","14,732.21","4,388,609","53,667,169,500"
2022-10-04,"11,184","11,600","11,091","11,461","11,220.60","13,029.95","14,770.33","1,629,754","18,589,900,100"
2022-09-30,"11,045","11,322","10,906","11,091","11,211.40","13,182.45","14,819.63","2,007,069","22,327,366,100"
2022-09-29,"11,322","11,507","11,045","11,045","11,424.00","13,348.85","14,868.93","1,769,578","19,889,438,600"
2022-09-28,"11,184","11,507","11,045","11,137","11,775.20","13,510.60","14,920.93","1,873,807","21,010,431,950"
2022-09-27,"11,276","11,461","10,953","11,369","12,135.80","13,640.00","14,977.54","2,027,597","22,721,037,100"
2022-09-26,"11,877","12,016","11,322","11,415","12,514.60","13,783.25","15,037.23","2,684,714","31,147,632,050"
2022-09-23,"12,801","12,847","12,062","12,154","12,875.00","13,933.45","15,096.93","2,550,227","31,186,693,450"
2022-09-22,"12,709","12,986","12,616","12,801","13,124.60","14,037.45","15,154.69","1,447,057","18,491,122,850"
2022-09-21,"13,171","13,217","12,847","12,940","13,328.00","14,102.15","15,202.45","1,394,759","18,116,561,950"
2022-09-20,"13,356","13,402","13,078","13,263","13,549.80","14,187.65","15,252.52","1,176,479","15,552,186,700"
2022-09-19,"13,310","13,402","13,078","13,217","13,818.00","14,305.50","15,299.51","1,311,708","17,315,267,000"
2022-09-16,"13,725","13,818","13,356","13,402","13,984.40","14,395.65","15,347.65","1,911,063","25,795,685,650"
2022-09-15,"14,141","14,326","13,818","13,818","14,197.00","14,488.10","15,390.40","1,279,197","17,922,663,350"
2022-09-14,"14,188","14,280","14,049","14,049","14,437.40","14,564.35","15,431.61","995,206","14,063,605,700"
2022-09-13,"14,326","14,696","14,280","14,604","14,585.20","14,624.45","15,468.58","1,233,769","17,936,192,650"
2022-09-08,"14,604","14,650","14,003","14,049","14,566.60","14,663.70","15,500.16","1,796,673","25,415,389,100"
2022-09-07,"14,835","14,835","14,373","14,465","14,659.00","14,691.45","15,535.59","1,251,807","18,167,976,700"
2022-09-06,"14,788","15,020","14,742","15,020","14,649.80","14,703.00","15,563.32","1,831,590","27,278,622,600"
2022-09-05,"14,419","14,973","14,326","14,788","14,501.80","14,668.30","15,586.42","1,590,403","23,419,221,050"
2022-09-02,"14,511","14,696","14,280","14,511","14,289.20","14,652.15","15,611.07","1,140,344","16,547,863,200"
2022-09-01,"14,234","14,788","14,049","14,511","14,233.80","14,666.00","15,633.02","1,602,292","23,247,738,750"
2022-08-31,"14,095","14,465","14,095","14,419","14,215.40","14,652.15","15,655.74","949,965","13,659,541,950"
2022-08-30,"13,864","14,373","13,818","14,280","14,178.40","14,633.65","15,680.39","1,092,428","15,510,615,950"
2022-08-29,"13,725","13,864","13,679","13,725","14,141.40","14,622.10","15,701.58","1,108,272","15,262,350,400"
2022-08-26,"14,419","14,465","14,234","14,234","14,326.40","14,642.90","15,728.15","829,651","11,873,862,700"
2022-08-25,"14,234","14,465","14,188","14,419","14,603.60","14,642.90","15,752.80","1,149,350","16,462,165,900"
2022-08-24,"14,188","14,280","14,095","14,234","14,723.80","14,617.45","15,779.38","936,994","13,307,337,500"
2022-08-23,"14,373","14,604","14,049","14,095","14,927.20","14,598.95","15,804.79","1,767,603","25,165,364,950"
2022-08-22,"15,574","15,574","14,604","14,650","15,176.80","14,598.95","15,831.37","2,328,607","34,642,249,100"
2022-08-19,"15,112","15,805","14,927","15,620","15,297.00","14,575.85","15,854.09","2,943,727","45,755,690,750"
2022-08-18,"15,112","15,204","14,881","15,020","15,250.80","14,513.50","15,865.65","771,613","11,601,728,800"
2022-08-17,"15,343","15,435","15,158","15,251","15,167.60","14,476.50","15,887.98","729,002","11,125,410,250"
2022-08-16,"15,343","15,482","15,112","15,343","15,056.60","14,423.35","15,904.93","1,095,121","16,798,931,750"
2022-08-12,"15,389","15,574","15,204","15,251","14,853.20","14,370.20","15,924.57","1,003,753","15,414,019,550"
2022-08-11,"14,788","15,435","14,696","15,389","14,696.00","14,310.10","15,945.36","3,245,236","49,570,838,450"
2022-08-10,"14,650","14,788","14,557","14,604","14,575.80","14,224.60","15,965.78","1,023,161","14,994,502,550"
2022-08-09,"14,280","14,742","14,280","14,696","14,501.80","14,183.00","15,993.88","1,261,020","18,376,075,400"
2022-08-08,"14,419","14,419","14,095","14,326","14,372.40","14,125.25","16,020.08","1,370,538","19,502,507,650"
2022-08-05,"14,788","14,835","14,465","14,465","14,317.00","14,104.45","16,048.58","1,205,636","17,574,816,400"
2022-08-04,"14,326","14,788","14,326","14,788","14,252.20","14,085.95","16,078.62","1,783,940","26,040,680,050"
2022-08-03,"14,095","14,465","14,049","14,234","14,141.40","14,062.85","16,107.51","1,330,624","19,003,141,700"
2022-08-02,"14,095","14,234","13,957","14,049","14,076.60","14,060.55","16,141.78","683,629","9,603,654,400"
2022-08-01,"14,141","14,141","13,957","14,049","14,039.60","14,049.00","16,172.21","830,343","11,647,197,100"
2022-07-29,"14,326","14,465","14,141","14,141","14,048.80","14,016.65","16,203.79","1,294,927","18,460,702,400"
2022-07-28,"13,957","14,326","13,910","14,234","14,058.20","13,972.75","16,234.99","1,755,726","24,840,750,800"
2022-07-27,"13,864","13,910","13,448","13,910","14,086.00","13,933.45","16,263.88","1,721,086","23,578,897,250"
2022-07-26,"14,003","14,095","13,818","13,864","14,160.00","13,924.20","16,299.69","1,009,658","14,068,358,050"
2022-07-25,"14,049","14,280","14,003","14,095","14,224.80","13,924.20","16,332.82","850,348","11,995,279,200"
2022-07-22,"14,326","14,419","14,141","14,188","14,261.80","13,933.45","16,377.88","1,120,127","15,933,932,400"
2022-07-21,"14,280","14,419","14,141","14,373","14,234.00","13,926.50","16,423.32","1,008,225","14,397,516,250"
2022-07-20,"14,650","14,650","14,234","14,280","14,095.20","13,901.05","16,469.53","1,111,217","15,982,909,350"
2022-07-19,"14,141","14,373","14,049","14,188","13,993.60","13,887.20","16,521.13","887,405","12,579,803,300"
2022-07-18,"14,188","14,419","14,049","14,280","13,864.20","13,891.80","16,580.83","1,475,106","20,993,539,400"
2022-07-15,"13,679","14,141","13,448","14,049","13,790.20","13,894.10","16,636.67","1,680,237","23,290,944,150"
2022-07-14,"13,725","13,772","13,587","13,679","13,799.40","13,928.75","16,697.90","1,222,292","16,708,107,900"
2022-07-13,"13,587","13,957","13,541","13,772","13,928.80","13,995.80","16,765.68","1,434,466","19,749,346,500"
2022-07-12,"13,818","13,864","13,356","13,541","14,012.00","14,053.55","16,836.16","2,479,456","33,413,576,350"
2022-07-11,"14,049","14,141","13,864","13,910","14,067.40","14,127.50","16,909.33","1,496,433","20,939,771,350"
2022-07-08,"14,373","14,419","14,049","14,095","13,965.80","14,185.30","16,980.97","2,547,074","36,098,176,350"
2022-07-07,"14,234","14,419","13,864","14,326","13,799.40","14,266.20","17,051.06","2,269,902","32,145,880,550"
2022-07-06,"13,725","14,511","13,633","14,188","13,623.80","14,344.80","17,114.99","3,016,798","42,919,165,850"
2022-07-05,"13,310","13,910","13,310","13,818","13,531.20","14,425.65","17,182.78","1,944,558","26,725,123,950"
2022-07-04,"13,263","13,587","13,171","13,402","13,540.40","14,520.40","17,252.48","1,475,911","19,761,316,550"
2022-07-01,"13,310","13,725","13,217","13,263","13,716.00","14,649.80","17,327.97","1,381,712","18,590,117,200"
2022-06-30,"13,679","13,910","13,448","13,448","13,873.20","14,788.45","17,416.17","2,046,669","27,837,295,100"
2022-06-29,"13,587","13,772","13,587","13,725","13,956.40","14,917.85","17,494.35","1,803,343","24,686,458,750"
2022-06-28,"14,188","14,280","13,818","13,864","14,012.00","15,031.10","17,569.46","2,262,504","31,589,815,600"
2022-06-27,"14,095","14,326","13,957","14,280","14,095.20","15,135.10","17,641.09","1,461,790","20,754,784,950"
2022-06-24,"13,818","14,234","13,818","14,049","14,104.40","15,213.65","17,699.25","1,520,046","21,408,803,900"
2022-06-23,"13,910","14,095","13,679","13,864","14,243.00","15,306.10","17,761.64","2,589,732","35,942,055,100"
2022-06-22,"14,465","14,511","13,910","14,003","14,474.20","15,407.80","17,824.42","2,105,752","29,728,675,250"
2022-06-21,"14,234","14,419","14,049","14,280","14,659.00","15,516.40","17,885.27","1,913,359","27,251,000,800"
2022-06-20,"14,742","14,835","14,188","14,326","14,807.00","15,594.95","17,942.65","2,447,811","35,017,940,450"
2022-06-17,"14,604","14,742","14,326","14,742","14,955.00","15,652.75","17,994.64","2,580,485","37,712,764,550"
2022-06-16,"15,112","15,297","14,927","15,020","15,149.20","15,715.15","18,042.02","1,504,409","22,743,844,700"
2022-06-15,"14,973","15,389","14,835","14,927","15,324.80","15,752.10","18,088.62","2,502,007","37,573,876,700"
2022-06-14,"14,788","15,204","14,742","15,020","15,500.40","15,793.70","18,139.84","2,979,533","44,407,697,300"
2022-06-13,"15,297","15,343","14,835","15,066","15,639.00","15,844.50","18,191.06","3,414,271","51,344,162,400"
2022-06-10,"15,713","15,713","15,528","15,713","15,823.80","15,874.55","18,236.50","980,331","15,327,419,500"
2022-06-09,"15,759","15,898","15,528","15,898","15,888.40","15,867.60","18,279.25","1,609,591","25,335,633,700"
2022-06-08,"15,805","15,851","15,713","15,805","15,916.00","15,865.25","18,318.92","857,272","13,529,192,550"
2022-06-07,"15,944","15,990","15,667","15,713","15,953.00","15,858.35","18,353.97","1,389,313","21,890,400,850"
2022-06-03,"16,175","16,314","15,898","15,990","15,999.20","15,860.65","18,389.78","1,239,131","19,885,982,750"
2022-06-02,"16,175","16,637","16,036","16,036","15,971.40","15,860.65","18,429.83","3,374,312","55,048,974,050"
2022-05-31,"16,036","16,129","15,898","16,036","15,943.80","15,858.35","18,465.27","2,133,414","34,202,723,700"
2022-05-30,"16,082","16,082","15,944","15,990","15,916.20","15,828.30","18,491.08","901,536","14,419,097,500"
2022-05-27,"15,990","16,036","15,805","15,944","15,953.20","15,802.90","18,511.10","1,055,969","16,770,700,500"
2022-05-26,"15,990","16,221","15,713","15,851","15,934.60","15,763.60","18,534.21","1,381,860","22,078,815,850"
2022-05-25,"15,944","16,082","15,805","15,898","15,860.80","15,775.15","18,555.39","1,393,372","22,182,447,700"
2022-05-24,"16,175","16,314","15,713","15,898","15,879.20","15,816.70","18,580.81","2,176,918","34,776,409,100"
2022-05-23,"15,944","16,267","15,898","16,175","15,851.40","15,858.25","18,608.92","1,789,605","28,791,383,750"
2022-05-20,"15,528","15,851","15,528","15,851","15,768.20","15,911.40","18,639.34","1,151,461","18,151,641,800"
2022-05-19,"15,620","15,667","15,435","15,482","15,805.20","15,978.45","18,678.63","2,356,860","36,602,737,050"
2022-05-18,"15,713","16,036","15,713","15,990","15,842.20","16,080.10","18,719.06","1,937,374","30,754,631,200"
2022-05-17,"15,805","15,898","15,713","15,759","15,759.00","16,154.05","18,759.88","1,002,606","15,823,443,450"
2022-05-16,"16,082","16,129","15,620","15,759","15,777.40","16,218.75","18,802.63","1,704,850","26,908,290,000"
2022-05-13,"15,759","16,129","15,713","16,036","15,759.00","16,320.40","18,846.15","1,585,192","25,324,098,200"
2022-05-12,"15,435","15,851","15,389","15,667","15,703.60","16,417.45","18,879.66","3,004,641","47,053,288,400"
2022-05-11,"15,805","15,851","15,528","15,574","15,768.20","16,514.50","18,908.15","1,749,825","27,364,608,100"
2022-05-10,"15,528","16,036","15,389","15,851","15,851.40","16,590.75","18,937.81","2,690,278","42,386,099,950"
2022-05-09,"15,667","15,944","15,574","15,667","15,768.20","16,653.15","18,960.92","1,876,399","29,571,436,050"
2022-05-06,"15,667","15,898","15,667","15,759","15,731.20","16,738.65","18,986.33","1,673,550","26,391,777,550"
2022-05-04,"15,898","16,129","15,805","15,990","15,611.00","16,801.05","19,009.83","1,863,863","29,798,526,800"
2022-05-03,"15,389","16,036","15,343","15,990","15,629.40","16,865.75","19,034.47","3,447,829","54,577,028,600"
2022-05-02,"15,158","15,482","15,158","15,435","15,777.20","16,962.80","19,057.97","2,011,959","30,843,376,950"
2022-04-29,"15,112","15,482","15,112","15,482","16,036.00","17,117.65","19,086.08","4,866,231","74,503,921,850"
2022-04-28,"16,082","16,129","15,020","15,158","16,387.20","17,272.45","19,113.81","10,367,110","158,463,914,750"
2022-04-27,"16,267","16,498","15,851","16,082","16,794.00","17,468.85","19,141.93","5,611,103","90,776,636,400"
2022-04-26,"16,776","16,961","16,729","16,729","17,080.60","17,591.35","19,159.26","1,679,202","28,260,298,300"
2022-04-25,"16,914","17,053","16,729","16,729","17,228.60","17,702.30","19,171.20","2,800,995","47,131,527,200"
2022-04-22,"17,099","17,377","17,053","17,238","17,293.40","17,810.95","19,183.53","2,172,168","37,334,563,400"
2022-04-21,"17,561","17,608","17,145","17,192","17,404.20","17,898.75","19,192.00","2,227,955","38,619,895,250"
2022-04-20,"17,469","17,746","17,330","17,515","17,561.20","17,965.75","19,191.22","1,789,055","31,400,151,550"
2022-04-19,"17,099","17,469","17,053","17,469","17,579.80","18,028.15","19,188.14","2,392,015","41,441,723,700"
2022-04-18,"17,608","17,654","16,914","17,053","17,505.80","18,079.00","19,179.67","3,657,829","62,506,004,650"
2022-04-15,"17,700","17,885","17,469","17,792","17,515.00","18,146.00","19,174.66","2,019,723","35,625,792,050"
2022-04-14,"17,654","18,024","17,608","17,977","17,432.00","18,171.45","19,164.65","3,088,304","55,208,404,550"
2022-04-13,"17,192","17,654","17,053","17,608","17,238.00","18,162.20","19,153.48","2,297,307","40,057,045,850"
2022-04-12,"17,007","17,608","16,961","17,099","17,173.20","18,171.40","19,145.78","2,330,299","40,247,582,250"
2022-04-11,"17,099","17,515","17,007","17,099","17,339.60","18,203.75","19,143.47","1,738,334","29,925,586,500"
2022-04-08,"17,145","17,469","17,053","17,377","17,626.20","18,206.05","19,141.16","2,129,105","36,758,971,150"
2022-04-07,"17,007","17,238","16,914","17,007","17,866.40","18,199.10","19,132.68","4,024,120","68,449,301,050"
2022-04-06,"17,746","17,839","17,284","17,284","18,282.20","18,217.60","19,125.75","3,770,982","65,704,849,700"
2022-04-05,"18,532","18,532","17,931","17,931","18,531.80","18,194.50","19,116.89","3,289,989","59,528,160,900"
2022-04-04,"18,624","18,624","18,255","18,532","18,735.20","18,143.65","19,105.34","1,277,224","23,563,548,350"
2022-04-01,"18,902","18,902","18,486","18,578","18,809.20","18,076.65","19,089.17","1,717,338","32,006,502,050"
2022-03-31,"18,486","19,086","18,393","19,086","18,892.40","18,028.15","19,068.76","1,967,519","37,014,831,900"
2022-03-30,"19,086","19,086","18,486","18,532","18,781.60","17,938.05","19,049.12","2,586,133","48,211,832,300"
2022-03-29,"19,040","19,179","18,855","18,948","18,827.80","17,875.65","19,037.18","1,185,441","22,467,867,100"
2022-03-28,"19,133","19,179","18,763","18,902","18,735.40","17,797.10","19,025.23","1,678,057","31,751,375,250"
2022-03-25,"18,763","19,318","18,763","18,994","18,633.60","17,702.35","19,014.45","4,374,993","83,475,669,500"
2022-03-24,"18,671","18,809","18,439","18,532","18,495.00","17,637.65","19,006.37","1,788,181","33,185,114,850"
2022-03-23,"18,578","18,855","18,578","18,763","18,347.00","17,575.25","19,001.36","2,277,319","42,659,785,500"
2022-03-22,"18,439","18,809","18,393","18,486","18,152.80","17,522.10","18,990.96","3,506,409","65,006,464,100"
2022-03-21,"18,486","18,671","18,208","18,393","18,004.80","17,485.10","18,986.33","2,253,625","41,475,357,600"
2022-03-18,"17,885","18,717","17,700","18,301","17,755.20","17,457.40","18,987.11","5,312,940","97,157,383,000"
2022-03-17,"18,070","18,439","17,792","17,792","17,542.60","17,441.20","18,987.11","3,983,891","72,119,340,950"
2022-03-16,"17,977","18,024","17,654","17,792","17,459.60","17,443.55","18,994.82","2,000,032","35,547,680,150"
2022-03-15,"17,099","17,977","17,053","17,746","17,265.60","17,441.25","19,003.29","4,690,521","82,822,175,700"
2022-03-14,"17,238","17,284","16,914","17,145","17,099.20","17,457.45","19,011.00","1,454,231","24,849,537,350"
2022-03-11,"17,377","17,423","17,099","17,238","17,108.60","17,512.95","19,022.56","1,200,718","20,668,109,550"
2022-03-10,"17,192","17,377","17,007","17,377","17,182.60","17,568.40","19,034.11","2,693,550","46,458,058,050"
2022-03-08,"16,545","17,007","16,545","16,822","17,164.00","17,584.55","19,045.66","1,565,635","26,333,422,150"
2022-03-07,"16,961","17,099","16,822","16,914","17,256.40","17,635.40","19,063.76","1,599,651","27,110,820,050"
2022-03-04,"17,469","17,515","17,145","17,192","17,349.00","17,683.95","19,080.71","2,167,100","37,400,928,250"
2022-03-03,"17,469","17,654","17,423","17,608","17,312.00","17,709.35","19,098.81","1,789,211","31,393,268,250"
2022-03-02,"17,284","17,423","17,145","17,284","17,330.40","17,739.35","19,107.67","1,454,358","25,117,774,700"
2022-02-28,"17,330","17,377","17,053","17,284","17,330.40","17,767.10","19,121.92","1,743,333","29,991,188,750"
2022-02-25,"17,238","17,746","17,192","17,377","17,413.60","17,878.00","19,135.78","2,413,816","42,139,820,800"
2022-02-24,"17,423","17,515","16,914","17,007","17,487.40","17,991.20","19,146.95","3,244,999","55,650,084,000"
2022-02-23,"17,377","17,792","17,284","17,700","17,653.80","18,136.75","19,160.82","2,391,826","42,107,408,450"
2022-02-22,"17,377","17,469","17,053","17,284","17,709.20","18,275.40","19,168.13","3,345,255","57,576,645,100"
2022-02-21,"17,561","17,792","17,377","17,700","17,820.20","18,478.75","19,178.92","1,662,915","29,256,631,050"
2022-02-18,"17,608","17,792","17,515","17,746","17,829.40","18,642.80","19,185.08","2,309,497","40,750,393,050"
2022-02-17,"17,977","18,024","17,561","17,839","17,894.20","18,825.35","19,188.93","3,159,391","56,325,190,950"
2022-02-16,"18,255","18,255","17,839","17,977","17,977.40","19,024.05","19,192.00","2,303,578","41,470,125,200"
2022-02-15,"17,839","18,116","17,700","17,839","18,051.40","19,236.65","19,198.17","1,626,732","29,030,067,500"
2022-02-14,"17,608","18,024","17,515","17,746","18,023.60","19,460.80","19,214.72","2,218,253","39,295,876,850"
2022-02-11,"18,070","18,439","17,977","18,070","18,042.20","19,698.80","19,225.89","2,233,968","40,592,379,400"
2022-02-10,"18,624","18,671","18,116","18,255","18,005.20","19,920.60","19,235.52","2,637,279","48,356,516,250"
2022-02-09,"17,839","18,578","17,839","18,347","17,894.20","20,107.75","19,249.38","5,128,911","93,734,949,700"
2022-02-08,"17,885","18,116","17,561","17,700","17,866.40","20,306.50","19,266.71","3,044,833","54,127,120,250"
2022-02-07,"17,977","17,977","17,423","17,839","17,894.20","20,530.65","19,289.82","3,234,277","57,154,621,250"
2022-02-04,"17,654","17,977","17,561","17,885","18,226.80","20,761.70","19,310.22","3,387,543","60,075,167,450"
2022-02-03,"18,532","18,624","17,654","17,700","18,578.00","21,059.80","19,332.56","5,884,458","106,289,022,600"
2022-01-28,"17,885","18,301","17,330","18,208","19,021.60","21,316.30","19,359.13","5,902,269","105,765,434,200"
2022-01-27,"19,456","19,595","17,839","17,839","19,474.60","21,542.80","19,384.17","10,631,263","195,745,798,950"
2022-01-26,"19,733","19,965","19,456","19,502","20,177.00","21,773.85","19,407.28","2,961,054","57,651,507,000"
2022-01-25,"19,965","20,103","19,502","19,641","20,472.80","21,861.70","19,414.21","3,915,144","77,466,607,900"
2022-01-24,"20,288","20,519","19,780","19,918","20,824.00","21,956.45","19,420.38","3,714,750","74,659,579,450"
2022-01-21,"21,120","21,166","20,381","20,473","21,203.00","22,030.40","19,427.69","4,313,636","88,836,094,800"
2022-01-20,"21,074","21,443","20,935","21,351","21,554.20","22,072.00","19,433.47","2,263,739","47,959,046,050"
2022-01-19,"21,120","21,397","20,796","20,981","21,748.40","22,062.75","19,428.84","4,111,488","86,504,876,200"
2022-01-18,"21,721","21,813","21,259","21,397","22,053.40","22,041.95","19,426.92","3,224,967","69,313,984,700"
2022-01-17,"22,460","22,460","21,397","21,813","22,275.20","21,993.45","19,423.45","4,591,176","99,700,407,700"
2022-01-14,"22,229","22,922","22,137","22,229","22,312.20","21,933.40","19,416.52","4,635,455","104,238,371,150"
2022-01-13,"22,553","23,153","22,044","22,322","22,330.80","21,875.65","19,404.97","5,316,037","119,415,574,950"
2022-01-12,"22,599","22,691","22,275","22,506","22,303.00","21,817.85","19,395.33","3,349,833","75,310,537,400"
2022-01-11,"21,998","22,645","21,952","22,506","22,293.80","21,718.50","19,383.40","4,721,564","106,014,498,850"
2022-01-10,"22,137","22,414","21,813","21,998","22,562.00","21,635.35","19,374.93","3,432,555","75,610,187,200"
2022-01-07,"22,599","22,599","21,767","22,322","22,728.40","21,568.35","19,373.01","4,149,068","91,947,847,400"
2022-01-06,"21,998","23,061","21,998","22,183","22,811.60","21,452.80","19,365.68","6,988,020","157,164,325,850"
2022-01-05,"23,800","23,800","22,322","22,460","22,867.00","21,344.20","19,361.45","9,931,898","226,036,219,800"
2022-01-04,"23,061","24,032","22,922","23,847","22,626.80","21,261.00","19,352.97","10,372,327","244,865,232,950"
2022-01-03,"22,922","23,015","22,553","22,830","22,164.60","21,083.05","19,331.79","3,671,782","83,662,518,550"
2021-12-30,"22,414","22,876","22,137","22,738","21,878.00","20,898.20","19,322.55","6,425,280","145,214,958,650"
2021-12-29,"21,490","22,553","21,490","22,460","21,591.40","20,680.95","19,316.38","11,699,925","259,924,573,150"
2021-12-28,"21,721","21,813","21,212","21,259","21,332.60","20,493.80","19,316.00","5,795,366","124,125,039,650"
2021-12-27,"21,582","22,137","21,397","21,536","21,193.80","20,350.50","19,329.86","5,871,756","128,283,665,150"
2021-12-24,"21,443","21,675","21,166","21,397","20,972.00","20,221.10","19,341.80","3,349,884","71,822,540,050"
2021-12-23,"21,397","21,490","21,074","21,305","20,815.00","20,114.80","19,351.82","4,234,927","90,235,707,500"
2021-12-22,"20,981","21,397","20,935","21,166","20,768.80","20,040.85","19,362.98","5,495,212","116,460,250,300"
2021-12-21,"20,519","20,750","20,057","20,565","20,768.80","20,010.80","19,371.46","2,186,540","44,771,492,850"
2021-12-20,"20,519","20,889","20,334","20,427","20,759.60","19,999.25","19,387.25","1,884,061","38,804,172,200"
2021-12-17,"20,750","21,074","20,565","20,612","20,842.80","20,022.35","19,403.81","2,524,059","52,287,520,200"
2021-12-16,"21,259","21,443","20,704","21,074","20,852.00","20,036.20","19,416.52","3,214,113","67,471,576,950"
2021-12-15,"20,519","21,166","20,381","21,166","20,639.40","20,031.55","19,424.60","3,451,791","72,365,593,450"
2021-12-14,"20,658","20,843","20,196","20,519","20,408.40","19,976.10","19,437.31","2,829,830","58,003,990,250"
2021-12-13,"20,889","21,166","20,796","20,843","20,463.80","19,904.45","19,454.64","4,025,236","84,623,581,950"
2021-12-10,"19,965","20,658","19,918","20,658","20,352.80","19,818.95","19,468.50","3,646,763","74,666,263,500"
2021-12-09,"20,149","20,288","19,780","20,011","20,047.80","19,717.25","19,479.67","5,005,260","100,074,934,400"
2021-12-08,"20,981","21,028","20,011","20,011","19,724.20","19,652.55","19,487.75","5,327,029","109,071,198,050"
2021-12-07,"20,519","20,935","20,288","20,796","19,465.40","19,580.90","19,495.83","6,610,663","136,772,015,100"
2021-12-06,"19,040","20,427","18,948","20,288","18,984.80","19,488.50","19,500.84","5,734,164","113,649,474,750"
2021-12-03,"18,532","19,179","18,486","19,133","18,716.80","19,414.55","19,507.78","3,551,566","67,056,428,700"
2021-12-02,"18,439","18,855","18,162","18,393","18,744.40","19,398.35","19,525.10","3,550,598","65,519,318,550"
2021-12-01,"18,486","18,855","18,208","18,717","19,031.00","19,419.15","19,549.37","2,717,404","50,280,153,300"
2021-11-30,"19,271","19,410","18,301","18,393","19,400.60","19,409.90","19,574.40","5,289,215","98,555,179,700"
2021-11-29,"18,763","19,364","18,671","18,948","19,788.80","19,398.35","19,603.68","3,032,714","57,566,046,600"
2021-11-26,"19,872","20,057","19,179","19,271","20,177.00","19,359.05","19,626.40","2,861,307","55,873,323,900"
2021-11-25,"20,565","20,658","19,780","19,826","20,500.60","19,305.90","19,650.28","2,728,444","54,594,418,900"
2021-11-24,"20,334","20,750","20,196","20,565","20,731.60","19,227.35","19,670.69","2,537,495","51,899,317,600"
2021-11-23,"20,889","20,889","20,242","20,334","20,630.00","19,054.05","19,688.80","3,907,158","80,091,291,050"
2021-11-22,"20,981","21,212","20,750","20,889","20,380.40","18,894.60","19,704.21","3,745,455","78,498,162,750"
2021-11-19,"21,212","21,582","20,843","20,889","20,029.20","18,672.75","19,710.37","6,580,684","139,155,771,266"
2021-11-18,"20,149","21,212","19,872","20,981","19,576.20","18,450.90","19,712.29","8,629,790","177,552,959,250"
2021-11-17,"19,364","20,057","19,225","20,057","19,123.40","18,231.40","19,713.45","6,651,718","131,452,923,300"
2021-11-16,"19,271","19,502","18,948","19,086","18,827.60","18,060.40","19,721.93","2,364,898","45,319,176,300"
2021-11-15,"18,855","19,179","18,717","19,133","18,800.00","17,940.25","19,739.26","2,244,953","42,621,712,400"
2021-11-12,"18,902","19,040","18,624","18,624","18,735.20","17,824.70","19,755.43","1,362,147","25,618,598,250"
2021-11-11,"18,486","18,855","18,208","18,717","18,772.20","17,734.60","19,772.77","2,657,552","49,444,139,250"
2021-11-10,"18,902","19,179","18,393","18,578","18,790.60","17,616.75","19,795.10","2,285,622","42,829,661,500"
2021-11-09,"18,855","19,040","18,717","18,948","18,781.40","17,496.60","19,811.28","1,700,561","32,134,219,500"
2021-11-08,"18,809","18,948","18,532","18,809","18,624.20","17,360.25","19,822.83","1,970,799","36,872,185,750"
2021-11-05,"18,902","19,040","18,578","18,809","18,494.80","17,247.05","19,834.77","2,108,812","39,626,663,800"
2021-11-04,"18,671","19,040","18,671","18,809","18,374.60","17,136.15","19,852.87","2,450,236","46,199,066,100"
2021-11-03,"18,162","18,948","18,162","18,532","18,263.80","17,002.15","19,875.97","4,870,866","90,900,237,800"
2021-11-02,"18,393","18,671","18,162","18,162","17,977.20","16,912.00","19,911.41","2,152,393","39,495,717,500"
2021-11-01,"18,208","18,486","17,654","18,162","17,773.80","16,858.85","19,950.31","2,927,206","53,269,760,600"
2021-10-29,"18,301","18,439","17,977","18,208","17,431.80","16,826.50","19,984.97","3,650,824","66,332,750,950"
2021-10-28,"17,053","18,439","17,007","18,255","17,080.60","16,796.50","20,017.72","9,148,953","165,630,287,550"
2021-10-27,"17,330","17,515","16,961","17,099","16,747.80","16,784.95","20,051.22","3,366,276","58,072,376,900"
2021-10-26,"16,591","17,284","16,545","17,145","16,655.40","16,826.55","20,095.89","4,183,884","71,132,403,100"
2021-10-25,"16,406","16,545","16,221","16,452","16,563.00","16,845.05","20,147.50","1,421,082","23,331,210,850"
2021-10-22,"16,498","16,683","16,406","16,452","16,637.00","16,919.00","20,212.20","1,306,544","21,589,214,000"
2021-10-21,"16,637","16,729","16,360","16,591","16,711.00","17,020.70","20,283.45","2,576,995","42,659,171,050"
2021-10-20,"16,776","17,145","16,637","16,637","16,664.80","17,106.20","20,349.31","2,428,043","40,850,085,200"
2021-10-19,"16,822","16,961","16,545","16,683","16,572.40","17,210.20","20,419.02","2,394,571","39,930,575,150"
2021-10-18,"16,822","16,961","16,452","16,822","16,480.00","17,316.50","20,483.33","2,230,875","37,407,060,700"
2021-10-15,"16,961","17,515","16,683","16,822","16,424.60","17,408.95","20,534.94","5,460,982","93,178,285,950"
2021-10-14,"16,314","16,498","16,175","16,360","16,378.40","17,494.45","20,585.39","4,789,687","78,364,786,450"
2021-10-13,"15,990","16,267","15,759","16,175","16,332.20","17,607.65","20,639.31","3,571,787","57,348,036,600"
2021-10-12,"16,545","16,591","16,082","16,221","16,443.00","17,737.05","20,694.77","3,007,679","48,904,066,000"
2021-10-08,"16,637","16,776","16,360","16,545","16,618.60","17,875.70","20,753.31","2,046,876","33,829,479,800"
2021-10-07,"16,175","16,637","15,898","16,591","16,812.60","17,995.85","20,804.92","4,662,882","76,286,747,250"
2021-10-06,"16,729","16,868","15,990","16,129","17,016.00","18,134.50","20,856.53","5,303,092","86,561,328,900"
2021-10-05,"16,776","16,868","16,406","16,729","17,395.00","18,261.60","20,912.37","3,665,107","61,044,278,700"
2021-10-01,"17,469","17,515","17,007","17,099","17,635.40","18,374.85","20,968.60","2,071,728","35,521,781,050"
2021-09-30,"17,654","17,746","17,469","17,515","17,718.60","18,467.30","21,018.67","1,582,647","27,848,191,950"
2021-09-29,"17,561","17,885","17,469","17,608","17,801.80","18,527.40","21,069.89","1,857,255","32,722,002,800"
2021-09-28,"17,977","18,116","17,608","18,024","17,977.40","18,580.55","21,122.27","2,452,902","43,926,199,650"
2021-09-27,"17,377","17,977","17,377","17,931","18,032.80","18,608.25","21,161.55","2,380,845","42,376,669,800"
2021-09-24,"17,885","17,931","17,423","17,515","18,190.00","18,640.60","21,188.51","3,945,957","69,508,253,750"
2021-09-23,"18,255","18,255","17,839","17,931","18,448.80","18,686.80","21,215.85","4,440,079","79,791,199,050"
2021-09-17,"18,347","18,532","17,931","18,486","18,596.80","18,700.65","21,241.66","4,072,918","74,250,734,250"
2021-09-16,"18,717","18,763","18,301","18,301","18,606.00","18,686.75","21,259.38","3,256,588","59,981,914,600"
2021-09-15,"18,809","18,809","18,532","18,717","18,670.60","18,707.55","21,275.93","1,756,172","32,804,306,250"
2021-09-14,"18,717","19,133","18,671","18,809","18,679.80","18,763.00","21,289.03","2,028,110","38,361,631,550"
2021-09-13,"18,578","18,763","18,532","18,671","18,716.80","18,776.85","21,300.97","1,345,021","25,031,446,200"
2021-09-10,"18,717","18,809","18,486","18,532","18,772.20","18,804.55","21,316.37","1,800,417","33,474,456,600"
2021-09-09,"18,717","18,902","18,532","18,624","18,938.60","18,873.85","21,334.08","2,898,249","54,029,777,150"
2021-09-08,"18,994","19,133","18,763","18,763","18,948.00","18,964.00","21,352.18","1,656,872","31,296,496,200"
2021-09-07,"19,040","19,086","18,809","18,994","18,994.20","19,049.50","21,363.35","1,219,393","23,108,201,000"
2021-09-06,"19,364","19,456","18,763","18,948","18,985.00","19,114.20","21,374.13","3,192,906","60,656,453,350"
2021-09-03,"18,763","19,595","18,671","19,364","18,938.80","19,195.05","21,386.84","4,585,063","88,350,013,500"
2021-09-02,"19,040","19,179","18,578","18,671","18,800.20","19,271.30","21,398.39","2,483,897","46,761,090,900"
2021-09-01,"18,948","19,225","18,855","18,994","18,781.60","19,398.35","21,413.79","1,861,447","35,355,986,550"
2021-08-31,"18,809","18,948","18,439","18,948","18,698.40","19,479.25","21,430.35","3,295,735","61,637,831,300"
2021-08-30,"18,855","19,040","18,671","18,717","18,596.60","19,548.55","21,444.98","1,609,895","30,274,200,300"
2021-08-27,"18,624","18,717","18,393","18,671","18,494.80","19,631.75","21,456.92","1,710,567","31,818,649,250"
2021-08-26,"19,040","19,133","18,393","18,578","18,402.20","19,738.00","21,471.17","3,518,833","65,858,092,900"
2021-08-25,"18,624","18,763","18,301","18,578","18,430.00","19,867.40","21,486.58","2,543,549","47,190,332,500"
2021-08-24,"18,393","18,994","18,116","18,439","18,679.60","19,978.30","21,505.06","4,990,012","92,115,880,950"
2021-08-23,"18,347","18,486","17,700","18,208","18,809.00","20,093.85","21,526.24","5,485,334","99,150,703,400"
2021-08-20,"18,855","19,179","18,070","18,208","19,012.40","20,232.50","21,550.89","5,327,372","98,496,485,450"
2021-08-19,"19,549","19,595","18,671","18,717","19,354.40","20,371.15","21,576.32","3,665,396","69,856,700,800"
2021-08-18,"19,086","19,872","19,086","19,826","19,696.40","20,477.45","21,594.42","4,114,796","80,908,138,050"
2021-08-17,"19,133","19,410","18,809","19,086","19,825.80","20,544.45","21,611.75","3,375,336","64,307,363,850"
2021-08-13,"19,918","19,918","19,086","19,225","20,066.20","20,643.85","21,632.93","4,223,782","81,593,808,600"
2021-08-12,"20,381","20,427","19,780","19,918","20,334.20","20,757.10","21,663.36","4,276,203","85,561,220,900"
2021-08-11,"20,381","20,473","20,057","20,427","20,528.40","20,849.55","21,688.78","2,404,336","48,748,568,450"
2021-08-10,"20,334","20,473","20,149","20,473","20,685.40","20,900.35","21,709.58","1,919,402","39,021,512,500"
2021-08-09,"20,565","20,750","20,288","20,288","20,713.20","20,960.45","21,724.21","2,214,389","45,100,610,500"
2021-08-06,"20,889","20,935","20,288","20,565","20,722.40","21,018.20","21,745.78","3,523,296","72,131,836,550"
2021-08-05,"21,166","21,212","20,843","20,889","20,685.60","21,055.20","21,766.19","1,982,065","41,564,822,550"
2021-08-04,"20,658","21,259","20,381","21,212","20,667.00","21,096.80","21,783.53","3,537,255","74,058,620,900"
2021-08-03,"20,242","20,612","20,149","20,612","20,657.80","21,136.10","21,789.69","1,563,293","31,812,083,300"
2021-08-02,"20,381","20,519","20,057","20,334","20,694.60","21,226.20","21,798.55","2,573,387","52,136,665,150"
2021-07-30,"20,796","20,796","20,334","20,381","20,777.80","21,355.60","21,806.26","3,677,378","75,258,958,150"
2021-07-29,"21,351","21,397","20,704","20,796","20,897.80","21,485.00","21,815.11","4,131,440","86,188,709,400"
2021-07-28,"21,120","21,675","20,843","21,166","20,934.80","21,575.15","21,821.66","4,966,199","105,652,650,450"
2021-07-27,"20,796","21,074","20,704","20,796","20,870.20","21,649.10","21,820.51","1,722,769","35,847,132,350"
2021-07-26,"21,120","21,120","20,704","20,750","20,944.20","21,718.45","21,822.83","2,435,804","50,691,970,550"
2021-07-23,"20,981","21,166","20,935","20,981","21,009.00","21,803.95","21,825.14","1,485,381","31,226,587,800"
2021-07-22,"20,981","21,166","20,750","20,981","21,110.80","21,875.60","21,817.83","3,067,469","64,192,820,000"
2021-07-21,"21,351","21,397","20,750","20,843","21,268.00","21,933.40","21,820.14","2,880,378","60,348,438,450"
2021-07-20,"20,796","21,259","20,796","21,166","21,388.00","21,993.45","21,822.83","2,315,565","48,708,224,950"
2021-07-19,"21,490","21,490","20,981","21,074","21,489.80","22,069.70","21,832.08","3,080,089","65,052,416,550"
2021-07-16,"21,628","21,675","21,351","21,490","21,563.60","22,145.95","21,837.85","1,790,126","38,426,951,200"
2021-07-15,"21,628","21,998","21,536","21,767","21,526.60","22,196.75","21,840.16","2,734,467","59,534,245,750"
2021-07-14,"21,721","21,813","21,443","21,443","21,517.40","22,208.30","21,838.23","2,086,422","45,029,776,550"
2021-07-13,"21,628","21,906","21,490","21,675","21,628.40","22,185.20","21,823.22","1,752,613","37,926,033,000"
2021-07-12,"21,582","21,721","21,351","21,443","21,776.20","22,150.50","21,804.34","1,621,134","34,888,285,850"
2021-07-09,"21,443","21,628","21,120","21,305","22,072.00","22,148.20","21,784.70","3,603,288","76,708,609,650"
2021-07-08,"21,998","22,090","21,351","21,721","22,404.80","22,138.95","21,769.29","4,923,944","106,655,573,150"
2021-07-07,"22,414","22,599","21,952","21,998","22,580.40","22,113.50","21,753.88","3,969,157","87,837,860,250"
2021-07-06,"22,969","23,107","22,322","22,414","22,709.80","22,078.85","21,728.08","4,434,028","100,164,174,550"
2021-07-05,"23,153","23,153","22,784","22,922","22,663.60","22,044.20","21,695.35","2,377,861","54,532,077,350"
2021-07-02,"22,691","23,385","22,691","22,969","22,571.20","21,993.40","21,655.30","5,483,668","126,689,002,450"
2021-07-01,"22,738","22,738","22,322","22,599","22,460.20","21,928.70","21,617.94","2,308,475","52,096,257,550"
2021-06-30,"22,322","23,015","22,322","22,645","22,367.80","21,905.60","21,582.89","4,033,058","91,545,669,350"
2021-06-29,"22,506","22,599","22,137","22,183","22,247.60","21,887.10","21,544.77","2,296,341","51,189,051,500"
2021-06-28,"22,599","22,784","22,275","22,460","22,349.20","21,914.85","21,504.72","2,415,857","54,243,823,800"
2021-06-25,"22,183","22,738","22,183","22,414","22,377.00","21,901.00","21,464.28","3,088,991","69,402,732,500"
2021-06-24,"22,044","22,368","21,859","22,137","22,395.40","21,861.70","21,420.38","3,633,251","80,091,417,450"
2021-06-23,"22,599","22,691","21,998","22,044","22,367.60","21,810.85","21,379.17","4,707,909","104,736,840,450"
2021-06-22,"23,107","23,200","22,460","22,691","22,155.00","21,764.65","21,334.49","4,457,019","101,522,181,400"
2021-06-21,"22,229","23,200","22,183","22,599","21,813.00","21,683.80","21,282.88","11,370,875","258,787,091,000"
2021-06-18,"22,506","22,645","21,813","22,506","21,572.60","21,612.15","21,235.13","9,462,543","210,891,678,800"
2021-06-17,"20,935","22,322","20,750","21,998","21,295.40","21,540.55","21,179.67","9,306,302","201,379,761,700"
2021-06-16,"21,028","21,166","20,796","20,981","21,138.20","21,475.85","21,131.91","2,661,681","55,954,222,000"
2021-06-15,"21,443","21,490","20,889","20,981","21,203.00","21,496.65","21,095.33","4,383,543","92,371,321,150"
2021-06-14,"21,351","21,628","21,120","21,397","21,351.00","21,473.55","21,062.21","2,341,111","50,100,272,000"
2021-06-11,"21,259","21,490","21,120","21,120","21,452.80","21,420.40","21,022.16","2,630,184","55,864,871,100"
2021-06-10,"21,212","21,397","20,935","21,212","21,563.80","21,376.50","20,984.42","3,618,047","76,447,062,400"
2021-06-09,"21,628","21,675","21,166","21,305","21,748.80","21,364.95","20,937.05","3,249,991","69,474,299,600"
2021-06-08,"21,859","22,137","21,490","21,721","21,942.80","21,378.80","20,887.75","3,120,282","67,750,383,900"
2021-06-07,"21,767","22,044","21,536","21,906","22,146.20","21,431.95","20,834.98","2,768,005","60,347,689,750"
2021-06-04,"22,137","22,137","21,490","21,675","22,201.60","21,478.15","20,776.44","4,369,238","94,533,676,400"
2021-06-03,"22,368","22,738","21,998","22,137","22,192.20","21,510.50","20,719.44","2,815,883","62,911,731,250"
2021-06-02,"22,830","22,830","22,183","22,275","21,988.80","21,510.50","20,658.97","2,850,347","63,886,363,250"
2021-06-01,"22,229","22,830","21,952","22,738","21,757.80","21,510.50","20,599.67","5,459,285","123,612,555,100"
2021-05-31,"21,675","22,229","21,490","22,183","21,425.00","21,496.60","20,533.42","3,850,440","84,646,566,600"
2021-05-28,"21,212","21,859","21,120","21,628","21,221.60","21,554.35","20,470.64","3,913,005","84,443,971,700"
2021-05-27,"21,120","21,166","20,704","21,120","21,110.80","21,683.75","20,412.11","3,150,521","65,935,452,750"
2021-05-26,"20,981","21,490","20,935","21,120","21,027.60","21,877.85","20,353.57","1,928,596","40,937,080,950"
2021-05-25,"21,351","21,397","20,843","21,074","21,083.00","22,046.55","20,298.88","2,693,298","56,664,329,800"
2021-05-24,"21,120","21,351","20,704","21,166","20,972.00","22,242.95","20,243.80","2,233,975","47,114,414,150"
2021-05-21,"20,981","21,675","20,935","21,074","20,805.60","22,404.70","20,189.12","4,611,974","98,311,351,850"
2021-05-20,"21,212","21,259","20,658","20,704","20,639.20","22,501.75","20,132.50","3,624,647","75,583,980,700"
2021-05-18,"20,473","21,443","20,473","21,397","20,694.60","22,610.35","20,078.58","3,557,095","74,757,203,200"
2021-05-17,"20,658","20,935","20,334","20,519","20,731.60","22,682.00","20,016.97","2,918,517","60,036,457,200"
2021-05-14,"20,427","20,704","20,242","20,334","21,184.60","22,797.55","19,958.82","3,286,285","67,125,053,650"
2021-05-13,"20,473","20,658","20,057","20,242","21,683.80","22,943.15","19,903.74","7,578,603","153,916,290,150"
2021-05-12,"21,536","21,952","20,750","20,981","22,099.80","23,067.95","19,849.83","5,881,117","124,406,500,950"
2021-05-11,"22,460","22,691","21,490","21,582","22,331.00","23,158.10","19,790.13","6,578,897","144,155,144,800"
2021-05-10,"23,061","23,061","22,599","22,784","22,469.60","23,220.50","19,723.89","3,052,300","69,487,958,700"
2021-05-07,"22,368","23,153","22,137","22,830","22,404.80","23,255.15","19,649.56","5,202,118","118,692,423,550"
2021-05-06,"22,229","22,414","22,044","22,322","22,506.40","23,269.00","19,576.00","3,892,374","86,623,805,050"
2021-05-04,"22,275","22,460","21,582","22,137","22,885.20","23,336.00","19,504.75","4,738,908","104,327,508,350"
2021-05-03,"22,460","23,107","21,767","22,275","23,458.20","23,423.80","19,437.35","7,618,101","169,946,247,250"
2021-04-30,"23,338","23,385","22,275","22,460","23,902.00","23,446.95","19,366.88","6,492,156","147,090,925,400"
2021-04-29,"23,754","24,355","23,292","23,338","24,410.40","23,382.25","19,294.47","6,783,110","160,658,229,500"
2021-04-28,"25,187","25,326","24,032","24,216","24,623.00","23,255.15","19,213.22","4,887,767","119,015,656,850"
2021-04-27,"24,632","25,418","24,170","25,002","24,382.80","23,095.75","19,125.79","6,211,890","154,487,556,200"
2021-04-26,"25,279","25,510","24,263","24,494","23,957.60","22,876.25","19,027.97","6,205,177","153,152,949,850"
2021-04-23,"24,355","25,279","24,078","25,002","23,624.80","22,665.95","18,932.07","8,006,910","198,561,298,450"
2021-04-22,"23,569","24,632","23,385","24,401","23,190.40","22,430.25","18,835.02","11,808,336","285,565,939,700"
2021-04-21,"22,969","23,107","22,460","23,015","22,959.40","22,222.30","18,745.67","3,142,550","71,594,077,400"
2021-04-20,"22,784","23,292","22,784","22,876","22,904.00","22,097.50","18,667.87","2,243,072","51,552,132,350"
2021-04-19,"22,830","23,015","22,599","22,830","22,885.60","21,986.60","18,592.00","2,473,951","56,402,841,200"
2021-04-16,"23,385","23,523","22,738","22,830","22,885.60","21,884.90","18,519.59","2,531,657","58,162,733,250"
2021-04-15,"22,784","23,523","22,784","23,246","23,015.00","21,748.55","18,450.65","4,045,063","93,988,841,850"
2021-04-14,"22,876","23,200","22,553","22,738","22,987.20","21,600.65","18,378.63","2,566,477","58,572,013,700"
2021-04-13,"22,922","23,153","22,460","22,784","23,172.00","21,487.40","18,310.46","4,310,142","98,001,553,500"
2021-04-12,"23,708","23,800","22,738","22,830","23,393.80","21,385.70","18,241.90","4,120,236","95,382,139,800"
2021-04-09,"23,200","24,124","22,876","23,477","23,375.40","21,270.15","18,172.58","8,884,207","209,571,587,550"
2021-04-08,"23,569","24,078","22,876","23,107","22,913.20","21,145.35","18,101.33","6,062,611","140,927,884,000"
2021-04-07,"24,032","24,309","23,107","23,662","22,451.00","21,025.20","18,035.47","8,174,490","192,663,816,200"
2021-04-06,"22,738","24,170","22,506","23,893","21,924.20","20,849.55","17,962.68","15,258,156","360,662,481,800"
2021-04-05,"21,351","22,784","21,166","22,738","21,268.00","20,673.95","17,886.03","9,953,651","221,092,030,950"
2021-04-02,"21,074","21,166","20,889","21,166","20,778.00","20,558.40","17,818.63","1,648,635","34,743,325,800"
2021-04-01,"21,166","21,212","20,704","20,796","20,602.40","20,539.90","17,759.71","2,248,283","46,920,233,800"
2021-03-31,"20,658","21,166","20,612","21,028","20,491.60","20,549.15","17,705.03","2,726,689","57,195,806,250"
2021-03-30,"20,473","21,120","20,381","20,612","20,389.80","20,556.05","17,650.33","3,278,977","67,973,422,950"
2021-03-29,"20,381","20,381","19,872","20,288","20,399.00","20,588.40","17,596.80","2,021,351","40,646,316,000"
2021-03-26,"20,381","20,519","20,288","20,288","20,500.60","20,618.45","17,544.04","1,602,434","32,621,000,800"
2021-03-25,"20,473","20,612","20,196","20,242","20,463.60","20,699.35","17,490.13","1,994,947","40,558,822,500"
2021-03-24,"20,473","20,658","20,196","20,519","20,472.80","20,768.65","17,437.75","1,657,236","33,893,717,300"
2021-03-23,"21,074","21,582","20,427","20,658","20,463.60","20,886.50","17,389.22","4,979,468","105,014,449,400"
2021-03-22,"20,242","20,843","20,011","20,796","20,482.00","21,002.05","17,338.00","2,963,009","60,594,527,900"
2021-03-19,"19,965","20,103","19,780","20,103","20,426.60","21,108.35","17,289.87","2,695,265","53,767,137,900"
2021-03-18,"20,612","20,796","20,288","20,288","20,602.20","21,214.65","17,246.73","2,608,975","53,439,841,000"
2021-03-17,"20,843","20,843","20,242","20,473","20,685.40","21,344.05","17,201.68","2,253,903","46,158,815,100"
2021-03-16,"20,750","20,981","20,612","20,750","20,620.60","21,471.15","17,154.69","1,911,361","39,846,698,150"
2021-03-15,"20,935","20,981","20,519","20,519","20,546.80","21,582.10","17,106.94","1,440,397","29,802,992,350"
2021-03-12,"20,843","21,259","20,796","20,981","20,528.40","21,653.75","17,063.81","1,904,403","40,011,055,200"
2021-03-11,"20,242","20,704","20,011","20,704","20,491.40","21,688.45","17,017.98","2,891,030","59,235,451,950"
2021-03-10,"20,843","20,889","20,149","20,149","20,546.80","21,716.20","16,971.77","2,051,035","41,947,384,600"
2021-03-09,"20,334","20,704","19,918","20,381","20,750.20","21,780.90","16,926.71","3,020,050","61,366,595,450"
2021-03-08,"21,028","21,074","20,427","20,427","20,925.80","21,840.95","16,879.72","1,942,532","40,259,533,400"
2021-03-05,"20,612","20,935","20,103","20,796","21,018.20","21,871.00","16,828.88","3,662,316","75,018,848,850"
2021-03-04,"20,935","21,305","20,704","20,981","21,240.20","21,884.90","16,769.95","2,282,143","47,834,327,600"
2021-03-03,"21,212","21,397","21,028","21,166","21,369.60","21,887.25","16,709.48","2,021,747","42,813,354,350"
2021-03-02,"21,536","21,675","21,028","21,259","21,711.60","21,834.10","16,647.87","3,252,864","69,381,187,800"
2021-02-26,"21,120","21,536","20,796","20,889","22,053.60","21,834.10","16,585.47","5,633,249","118,791,924,200"
2021-02-25,"22,183","22,275","21,675","21,906","22,460.20","21,847.95","16,523.85","2,972,292","65,201,999,400"
2021-02-24,"22,922","22,969","21,628","21,628","22,524.80","21,866.40","16,455.68","4,349,260","96,636,227,550"
2021-02-23,"22,645","23,246","22,506","22,876","22,774.40","21,873.35","16,390.59","3,394,878","77,842,560,300"
2021-02-22,"23,246","23,292","22,691","22,969","22,802.20","21,817.90","16,318.19","3,112,824","71,340,023,950"
2021-02-19,"22,275","23,015","22,229","22,922","22,802.20","21,746.25","16,243.48","4,228,247","95,842,958,200"
2021-02-18,"22,876","23,153","22,229","22,229","22,608.20","21,582.20","16,168.77","3,239,968","73,299,234,650"
2021-02-17,"22,922","23,015","22,368","22,876","22,497.40","21,441.25","16,086.35","3,037,470","68,889,345,950"
2021-02-16,"23,246","23,431","22,645","23,015","22,174.00","21,251.75","15,992.38","4,431,548","101,820,717,650"
2021-02-15,"22,506","23,015","22,275","22,969","21,859.60","21,073.80","15,899.95","5,945,351","135,163,178,150"
2021-02-10,"21,859","22,090","21,721","21,952","21,582.20","20,918.95","15,808.68","4,248,663","93,265,810,650"
2021-02-09,"21,351","22,137","21,259","21,675","21,397.40","20,766.45","15,731.27","6,514,096","141,889,216,200"
2021-02-08,"21,443","21,536","21,028","21,259","21,277.20","20,607.00","15,652.70","3,022,058","64,437,077,650"
2021-02-05,"21,767","21,813","21,259","21,443","21,231.00","20,449.85","15,576.83","2,638,754","56,708,009,400"
2021-02-04,"21,166","21,952","20,981","21,582","20,963.00","20,302.00","15,499.42","6,672,027","143,194,715,050"
2021-02-03,"21,305","21,351","20,704","21,028","20,898.40","20,142.55","15,420.85","3,456,788","72,665,066,850"
2021-02-02,"21,305","21,628","20,658","21,074","20,926.00","19,994.65","15,341.13","4,799,588","101,023,564,600"
2021-02-01,"20,242","21,120","19,595","21,028","21,166.20","19,809.80","15,262.56","5,283,101","108,360,311,700"
2021-01-29,"21,675","21,767","20,057","20,103","21,314.00","19,638.80","15,183.22","6,864,665","141,428,885,300"
2021-01-28,"20,704","21,859","20,242","21,259","21,646.80","19,490.90","15,111.97","6,715,608","142,487,396,150"
2021-01-27,"22,830","23,061","21,166","21,166","21,702.20","19,287.55","15,030.32","9,228,452","202,501,593,250"
2021-01-26,"21,859","22,460","21,536","22,275","21,397.20","19,063.40","14,950.98","7,405,427","162,475,277,600"
2021-01-25,"21,767","21,952","21,351","21,767","20,824.20","18,774.55","14,863.95","4,295,318","93,379,648,900"
2021-01-22,"21,767","22,414","21,259","21,767","20,288.00","18,529.60","14,779.23","10,349,634","225,366,890,250"
2021-01-21,"20,011","22,322","19,780","21,536","19,825.80","18,233.80","14,693.34","30,331,468","649,800,602,150"
2021-01-20,"19,502","19,780","19,225","19,641","19,493.00","17,970.35","14,608.23","3,927,382","76,450,548,750"
2021-01-19,"19,225","19,641","19,086","19,410","19,345.20","17,817.85","14,539.68","3,815,456","73,828,415,150"
2021-01-18,"19,086","19,364","18,717","19,086","19,160.40","17,697.70","14,476.13","4,092,813","78,051,335,500"
2021-01-15,"20,196","20,473","19,410","19,456","18,966.40","17,572.95","14,416.43","6,455,278","127,970,140,800"
2021-01-14,"18,717","19,872","18,624","19,872","18,772.40","17,429.70","14,355.20","10,730,384","209,198,967,300"
2021-01-13,"19,086","19,502","18,763","18,902","18,476.60","17,212.50","14,287.03","7,221,430","137,405,910,850"
2021-01-12,"18,116","18,717","17,885","18,486","18,310.20","17,036.85","14,226.57","6,983,580","128,105,884,800"
2021-01-11,"18,717","19,086","17,515","18,116","18,088.40","16,882.00","14,170.72","9,617,244","175,789,569,400"
2021-01-08,"18,671","18,671","18,024","18,486","17,986.80","16,720.25","14,117.57","5,336,547","97,934,331,300"
2021-01-07,"18,208","18,717","17,885","18,393","17,718.60","16,537.70","14,059.41","8,678,965","159,233,234,150"
2021-01-06,"17,700","18,347","17,654","18,070","17,478.40","16,362.10","14,002.03","8,660,252","155,952,880,850"
2021-01-05,"17,561","17,700","17,099","17,377","17,201.00","16,216.50","13,945.41","4,419,973","76,633,773,900"
2021-01-04,"17,423","17,839","17,423","17,608","17,025.20","16,087.05","13,894.95","5,767,197","101,678,888,700"
2020-12-30,"17,145","17,238","16,961","17,145","16,877.20","15,939.15","13,842.57","3,418,399","58,442,656,400"
2020-12-29,"17,053","17,839","16,961","17,192","16,618.40","15,812.10","13,793.66","6,331,877","109,253,192,850"
2020-12-28,"16,591","17,330","16,591","16,683","16,433.40","15,657.25","13,748.98","10,308,242","175,046,846,950"
2020-12-24,"17,053","17,145","16,221","16,498","16,415.00","15,550.95","13,699.69","7,705,843","127,711,877,800"
2020-12-23,"15,944","19,179","15,713","16,868","16,516.80","15,449.30","13,652.71","45,079,868","800,562,634,300"
2020-12-22,"16,175","16,498","15,759","15,851","16,461.40","15,336.10","13,602.64","3,331,876","53,666,094,100"
2020-12-21,"16,637","16,637","16,129","16,267","16,609.40","15,257.55","13,557.97","3,255,539","53,031,398,950"
2020-12-18,"17,053","17,192","16,545","16,591","16,461.60","15,155.90","13,509.06","3,642,422","61,097,557,400"
2020-12-17,"16,683","17,099","16,221","17,007","16,221.20","15,026.50","13,460.14","5,817,456","96,985,474,100"
2020-12-16,"16,729","16,868","16,452","16,591","15,897.60","14,853.20","13,406.99","5,134,732","85,455,970,250"
2020-12-15,"15,667","16,729","15,574","16,591","15,555.60","14,709.90","13,361.16","13,243,924","216,783,636,550"
2020-12-14,"15,389","15,667","15,297","15,528","15,204.40","14,568.95","13,314.56","3,137,767","48,630,890,400"
2020-12-11,"15,435","15,574","15,158","15,389","15,075.00","14,483.45","13,275.66","3,583,836","55,037,205,200"
2020-12-10,"14,835","15,389","14,696","15,389","15,028.80","14,395.65","13,237.92","5,068,124","76,393,471,400"
2020-12-09,"14,881","14,973","14,788","14,881","14,908.60","14,319.40","13,199.79","2,147,827","31,987,053,850"
2020-12-08,"14,927","15,158","14,696","14,835","14,862.40","14,275.50","13,167.44","3,447,243","51,272,059,750"
2020-12-07,"15,297","15,389","14,696","14,881","14,816.20","14,222.35","13,133.93","3,591,487","53,589,671,100"
2020-12-04,"14,835","15,297","14,742","15,158","14,659.00","14,180.75","13,094.65","6,063,623","91,695,888,150"
2020-12-03,"14,696","14,927","14,511","14,788","14,538.80","14,113.75","13,058.07","2,803,418","41,334,601,100"
2020-12-02,"14,696","14,788","14,419","14,650","14,474.20","14,062.95","13,028.42","2,399,084","35,081,565,550"
2020-12-01,"14,326","14,650","14,141","14,604","14,465.00","14,009.80","13,003.38","2,194,238","31,590,967,550"
2020-11-30,"14,696","14,742","14,095","14,095","14,400.20","13,965.85","12,979.12","3,870,117","55,326,044,600"
2020-11-27,"14,511","14,788","14,373","14,557","14,428.00","13,924.25","12,959.86","2,089,900","30,494,191,000"
2020-11-26,"14,650","14,973","14,326","14,465","14,317.20","13,845.70","12,931.75","3,030,793","44,348,703,350"
2020-11-25,"14,511","15,112","14,419","14,604","14,132.40","13,790.25","12,903.63","7,162,793","105,685,940,500"
2020-11-24,"14,326","14,465","14,095","14,280","13,956.60","13,744.00","12,872.82","3,236,175","46,319,661,700"
2020-11-23,"14,188","14,511","14,003","14,234","13,855.00","13,713.95","12,839.31","3,467,665","49,444,172,950"
2020-11-20,"13,633","14,049","13,587","14,003","13,771.80","13,690.85","12,802.72","2,651,787","36,843,627,600"
2020-11-19,"13,679","13,725","13,402","13,541","13,697.80","13,697.75","12,764.58","2,156,487","29,162,277,700"
2020-11-18,"13,725","13,864","13,633","13,725","13,762.40","13,748.55","12,733.00","1,680,637","23,079,377,600"
2020-11-17,"13,864","14,003","13,633","13,772","13,818.00","13,792.50","12,700.65","2,256,473","31,257,445,650"
2020-11-16,"13,725","13,910","13,679","13,818","13,818.00","13,831.75","12,667.14","2,084,018","28,727,887,200"
2020-11-13,"13,772","13,818","13,587","13,633","13,864.20","13,868.70","12,630.94","1,806,895","24,697,143,050"
2020-11-12,"14,003","14,049","13,772","13,864","13,901.20","13,912.60","12,596.28","2,360,003","32,727,867,400"
2020-11-11,"13,725","14,003","13,725","14,003","13,882.80","13,965.75","12,563.17","1,824,237","25,360,698,150"
2020-11-10,"14,141","14,188","13,679","13,772","13,799.60","14,025.80","12,527.73","2,134,214","29,488,521,500"
2020-11-09,"14,049","14,141","13,864","14,049","13,790.20","14,083.55","12,494.99","1,555,255","21,832,205,200"
2020-11-06,"13,772","14,049","13,725","13,818","13,633.00","14,115.90","12,456.87","1,562,442","21,704,883,300"
2020-11-05,"13,772","13,772","13,633","13,772","13,466.60","14,157.50","12,419.89","1,487,806","20,388,462,150"
2020-11-04,"13,957","13,957","13,494","13,587","13,383.40","14,173.65","12,384.46","1,469,835","20,055,172,300"
2020-11-03,"13,356","13,772","13,356","13,725","13,401.80","14,206.00","12,351.33","1,826,965","24,902,330,250"
2020-11-02,"13,032","13,310","13,032","13,263","13,392.60","14,243.00","12,317.06","1,042,776","13,768,030,050"
2020-10-30,"13,402","13,494","12,986","12,986","13,494.40","14,289.25","12,289.33","2,115,210","27,820,536,350"
2020-10-29,"13,402","13,448","13,217","13,356","13,725.40","14,337.80","12,265.07","2,088,704","27,839,500,200"
2020-10-28,"13,587","13,679","13,356","13,679","13,965.60","14,360.90","12,236.95","1,938,812","26,171,803,450"
2020-10-27,"13,679","13,957","13,541","13,679","14,150.60","14,374.80","12,207.30","2,081,402","28,638,342,500"
2020-10-26,"14,095","14,141","13,725","13,772","14,326.20","14,425.65","12,175.73","2,582,877","35,947,100,100"
2020-10-23,"14,927","14,927","14,141","14,141","14,483.20","14,462.60","12,146.07","3,599,401","52,019,422,800"
2020-10-22,"14,511","14,788","14,373","14,557","14,557.20","14,506.55","12,113.72","1,700,833","24,861,907,950"
2020-10-21,"14,557","14,696","14,373","14,604","14,631.20","14,525.05","12,075.98","1,382,883","20,071,178,450"
2020-10-20,"14,557","14,742","14,326","14,557","14,751.20","14,538.90","12,035.53","1,534,676","22,288,637,100"
2020-10-19,"14,696","14,973","14,557","14,557","14,825.20","14,552.80","11,998.18","1,585,672","23,295,165,900"
2020-10-16,"14,881","15,066","14,326","14,511","14,853.00","14,575.95","11,960.43","2,036,217","29,717,675,050"
2020-10-15,"15,066","15,112","14,742","14,927","14,880.80","14,617.55","11,925.00","2,554,817","38,094,600,650"
2020-10-14,"15,020","15,435","15,020","15,204","14,714.40","14,645.30","11,887.64","4,817,370","73,280,124,700"
2020-10-13,"14,835","14,973","14,511","14,927","14,520.40","14,643.00","11,849.52","3,072,761","45,346,188,750"
2020-10-12,"14,835","14,927","14,511","14,696","14,428.00","14,633.75","11,811.01","2,039,702","29,886,334,450"
2020-10-08,"14,280","14,742","14,141","14,650","14,326.40","14,636.05","11,774.81","3,481,961","50,495,215,650"
2020-10-07,"14,003","14,234","13,864","14,095","14,187.80","14,619.85","11,737.83","1,798,142","25,249,920,750"
2020-10-06,"14,650","14,650","14,188","14,234","14,132.40","14,601.35","11,708.57","2,242,455","32,322,668,100"
2020-10-05,"14,095","14,465","13,957","14,465","14,077.00","14,575.90","11,676.98","1,627,028","23,160,573,400"
2020-09-29,"14,141","14,465","14,095","14,188","14,123.20","14,541.25","11,641.55","1,714,040","24,467,972,900"
2020-09-28,"14,003","14,141","13,818","13,957","14,187.80","14,520.45","11,609.58","1,096,696","15,351,556,950"
2020-09-25,"14,188","14,234","13,772","13,818","14,400.40","14,497.30","11,578.77","1,791,596","24,963,434,000"
2020-09-24,"14,419","14,557","13,957","13,957","14,622.20","14,492.65","11,545.64","2,626,703","37,266,546,450"
2020-09-23,"14,696","14,881","14,095","14,696","14,807.00","14,485.70","11,513.28","2,275,388","33,053,389,600"
2020-09-22,"15,112","15,158","14,511","14,511","14,834.80","14,460.30","11,472.46","2,682,115","39,546,464,500"
2020-09-21,"14,927","15,251","14,881","15,020","14,936.60","14,434.90","11,437.03","2,550,581","38,441,655,000"
2020-09-18,"14,881","14,973","14,742","14,927","15,001.20","14,381.75","11,397.74","1,529,265","22,754,377,650"
2020-09-17,"14,973","15,204","14,696","14,881","15,112.20","14,252.35","11,360.00","3,179,157","47,254,067,550"
2020-09-16,"15,020","15,204","14,788","14,835","15,167.60","14,088.30","11,318.79","2,846,996","42,541,152,850"
2020-09-15,"15,343","15,389","14,835","15,020","15,149.00","13,942.70","11,277.97","3,266,787","49,047,105,000"
2020-09-14,"15,667","15,851","15,204","15,343","15,093.40","13,792.50","11,231.75","3,348,874","51,687,444,600"
2020-09-11,"15,112","15,574","14,973","15,482","14,890.00","13,658.50","11,176.06","4,114,893","63,064,031,750"
2020-09-10,"14,927","15,158","14,742","15,158","14,538.60","13,496.75","11,126.38","3,695,568","55,325,583,550"
2020-09-09,"14,511","15,158","14,326","14,742","14,252.00","13,346.55","11,068.61","5,393,206","79,683,973,950"
2020-09-08,"14,465","14,835","14,234","14,742","14,058.00","13,217.15","11,022.63","5,136,740","74,831,254,000"
2020-09-07,"13,818","14,557","13,725","14,326","13,864.00","13,087.75","10,982.19","7,588,094","107,973,949,650"
2020-09-04,"13,171","13,818","13,171","13,725","13,697.60","12,944.50","10,945.99","4,005,170","53,693,872,300"
2020-09-03,"13,864","13,957","13,541","13,725","13,697.60","12,840.55","10,918.65","2,926,336","40,217,473,050"
2020-09-02,"13,864","14,188","13,448","13,772","13,716.20","12,729.65","10,897.48","3,830,714","52,661,902,550"
2020-09-01,"13,494","13,818","13,448","13,772","13,799.40","12,618.70","10,882.45","2,555,449","34,858,929,950"
2020-08-31,"13,818","13,957","13,448","13,494","13,845.60","12,503.15","10,867.82","4,047,077","55,218,366,700"
2020-08-28,"14,003","14,419","13,679","13,725","13,938.20","12,410.75","10,855.88","5,881,653","82,238,931,500"
2020-08-27,"14,234","14,419","13,725","13,818","13,661.00","12,316.05","10,850.49","5,220,078","73,204,710,950"
2020-08-26,"13,957","14,604","13,725","14,188","13,217.40","12,205.15","10,845.48","8,810,589","125,018,499,450"
2020-08-25,"14,049","14,234","13,679","14,003","12,764.40","12,068.80","10,835.85","7,289,531","101,515,143,150"
2020-08-24,"12,616","14,049","12,478","13,957","12,367.00","11,934.75","10,826.22","17,543,594","236,541,892,800"
2020-08-21,"11,877","12,570","11,831","12,339","12,108.20","11,807.65","10,813.89","6,361,024","77,995,291,300"
2020-08-20,"11,877","12,062","11,553","11,600","12,089.80","11,779.90","10,815.82","3,184,777","37,255,840,950"
2020-08-19,"12,016","12,200","11,831","11,923","12,200.60","11,796.05","10,828.91","2,176,233","26,051,457,750"
2020-08-18,"12,663","12,709","11,877","12,016","12,246.80","11,805.30","10,841.62","4,535,282","55,661,594,350"
2020-08-14,"12,293","12,894","12,200","12,663","12,274.40","11,789.10","10,855.48","5,384,922","67,987,150,550"
2020-08-13,"12,431","12,847","12,154","12,247","12,034.00","11,738.25","10,863.94","6,831,054","84,242,976,350"
2020-08-12,"12,062","12,247","11,831","12,154","11,913.80","11,715.10","10,878.19","2,900,601","34,881,340,550"
2020-08-11,"12,200","12,339","11,923","12,154","11,784.40","11,694.30","10,895.53","3,655,040","44,338,516,200"
2020-08-10,"11,507","12,200","11,461","12,154","11,664.20","11,661.95","10,915.17","6,455,145","76,761,900,250"
2020-08-07,"11,692","11,738","11,415","11,461","11,525.60","11,629.60","10,934.04","1,634,652","18,784,695,650"
2020-08-06,"11,738","11,831","11,553","11,646","11,562.60","11,620.35","10,959.84","2,305,751","26,932,747,250"
2020-08-05,"11,553","11,553","11,369","11,507","11,599.60","11,604.15","10,984.49","1,541,433","17,672,780,850"
2020-08-04,"11,461","11,553","11,369","11,553","11,618.20","11,594.90","11,011.07","1,971,677","22,565,034,750"
2020-08-03,"11,692","11,692","11,369","11,461","11,599.80","11,581.05","11,040.73","1,642,687","18,845,932,200"
2020-07-31,"11,877","12,062","11,646","11,646","11,572.00","11,599.55","11,069.61","1,797,742","21,167,632,550"
2020-07-30,"11,692","11,877","11,600","11,831","11,525.80","11,555.65","11,096.95","2,239,754","26,279,846,850"
2020-07-29,"11,600","11,831","11,507","11,600","11,516.40","11,507.10","11,123.13","2,150,507","25,006,203,200"
2020-07-28,"11,461","11,600","11,322","11,461","11,581.00","11,470.10","11,154.33","2,522,003","28,909,476,450"
2020-07-27,"11,415","11,553","11,230","11,322","11,710.40","11,421.55","11,181.28","1,748,003","19,943,274,900"
2020-07-24,"11,831","11,969","11,415","11,415","11,784.40","11,375.35","11,210.17","3,251,666","37,785,725,250"
2020-07-23,"11,877","11,877","11,600","11,784","11,830.60","11,340.65","11,230.96","2,015,030","23,640,589,300"
2020-07-22,"12,154","12,293","11,877","11,923","11,830.60","11,282.90","11,251.38","2,957,073","35,673,606,950"
2020-07-21,"11,831","12,247","11,738","12,108","11,793.60","11,241.30","11,265.63","4,173,967","50,221,597,800"
2020-07-20,"11,692","11,692","11,507","11,692","11,673.40","11,185.85","11,278.72","1,246,107","14,484,256,950"
2020-07-17,"11,784","11,831","11,600","11,646","11,636.40","11,144.25","11,293.73","1,169,460","13,668,864,950"
2020-07-16,"11,784","11,877","11,646","11,784","11,562.40","11,104.95","11,311.06","1,556,117","18,261,031,400"
2020-07-15,"11,692","11,877","11,553","11,738","11,470.00","11,056.45","11,329.55","3,148,340","36,887,470,450"
2020-07-14,"11,461","11,507","11,276","11,507","11,386.80","11,019.50","11,349.58","1,688,534","19,223,765,000"
2020-07-13,"11,553","11,738","11,369","11,507","11,340.60","10,984.85","11,371.14","2,746,383","31,673,336,350"
2020-07-10,"11,369","11,369","11,045","11,276","11,405.40","10,917.85","11,397.33","2,195,754","24,549,887,500"
2020-07-09,"11,553","11,738","11,276","11,322","11,303.80","10,892.45","11,423.14","2,932,441","33,574,632,200"
2020-07-08,"11,369","11,646","11,276","11,322","11,211.40","10,887.85","11,448.95","2,541,157","29,000,058,400"
2020-07-07,"11,877","12,108","11,276","11,276","11,119.00","10,904.05","11,475.53","5,285,140","61,416,344,250"
2020-07-06,"10,860","11,923","10,768","11,831","10,961.80","10,924.85","11,500.18","7,550,079","86,845,467,550"
2020-07-03,"10,999","11,045","10,721","10,768","10,675.20","10,922.50","11,524.05","1,340,663","14,567,667,100"
2020-07-02,"11,091","11,091","10,860","10,860","10,665.80","10,943.30","11,555.63","1,426,390","15,613,859,850"
2020-07-01,"10,768","10,953","10,629","10,860","10,619.60","10,954.85","11,585.67","2,035,792","22,044,433,250"
2020-06-30,"10,583","10,721","10,490","10,490","10,665.80","10,957.15","11,621.10","1,471,864","15,586,652,450"
2020-06-29,"10,537","10,629","10,352","10,398","10,767.60","10,945.60","11,656.92","1,693,183","17,761,076,500"
2020-06-26,"10,721","10,814","10,583","10,721","10,860.00","10,917.85","11,695.43","1,677,047","17,951,784,050"
2020-06-25,"10,860","10,906","10,629","10,629","10,887.80","10,853.15","11,732.03","1,973,148","21,157,860,150"
2020-06-24,"11,230","11,276","11,045","11,091","10,924.80","10,809.25","11,768.62","2,133,389","23,715,031,100"
2020-06-23,"11,045","11,369","10,906","10,999","10,906.40","10,746.85","11,802.13","3,660,753","40,722,171,450"
2020-06-22,"10,768","10,906","10,721","10,860","10,869.40","10,684.45","11,832.55","1,353,099","14,643,682,800"
2020-06-19,"11,045","11,091","10,721","10,860","10,730.80","10,615.15","11,862.59","2,524,437","27,383,562,450"
2020-06-18,"10,953","11,091","10,814","10,814","10,712.40","10,545.85","11,895.33","1,676,643","18,283,722,850"
2020-06-17,"10,768","11,184","10,675","10,999","10,795.60","10,499.65","11,929.98","2,987,467","32,631,119,600"
2020-06-16,"10,537","10,860","10,490","10,814","10,925.00","10,437.25","11,962.33","2,773,951","29,656,733,650"
2020-06-15,"10,675","11,045","10,167","10,167","11,100.60","10,388.70","11,996.61","4,135,276","43,906,548,450"
2020-06-12,"10,675","10,906","10,583","10,768","11,424.00","10,354.05","12,037.82","4,399,150","47,297,302,150"
2020-06-11,"11,600","11,600","10,999","11,230","11,507.20","10,284.70","12,074.02","5,897,736","66,391,965,300"
2020-06-10,"11,738","11,784","11,369","11,646","11,479.40","10,199.20","12,103.28","4,575,671","53,072,054,600"
2020-06-09,"11,923","12,108","11,600","11,692","11,331.40","10,097.50","12,129.86","5,236,016","61,902,449,800"
2020-06-08,"11,507","11,831","11,230","11,784","11,044.80","9,993.50","12,154.13","6,055,536","69,926,245,250"
2020-06-05,"11,184","11,230","10,721","11,184","10,656.60","9,901.10","12,180.70","4,116,143","45,473,567,900"
2020-06-04,"11,184","11,600","10,768","11,091","10,305.20","9,845.60","12,211.51","8,325,554","92,679,860,900"
2020-06-03,"10,583","10,999","10,352","10,906","10,037.20","9,790.15","12,232.31","8,739,122","93,035,664,600"
2020-06-02,"9,843","10,490","9,797","10,259","9,824.60","9,750.90","12,255.03","6,018,165","61,606,735,750"
2020-06-01,"9,474","9,843","9,474","9,843","9,723.00","9,732.45","12,281.23","2,761,765","26,806,824,100"
2020-05-29,"9,659","9,705","9,427","9,427","9,649.20","9,750.95","12,314.73","4,176,640","39,768,101,300"
2020-05-28,"10,028","10,074","9,566","9,751","9,658.60","9,792.55","12,351.33","2,840,713","27,894,885,800"
2020-05-27,"9,797","10,028","9,705","9,843","9,686.40","9,806.40","12,383.29","2,848,257","28,092,210,650"
2020-05-26,"9,520","9,890","9,474","9,751","9,668.00","9,801.80","12,414.88","3,680,059","35,772,467,500"
2020-05-25,"9,566","9,566","9,427","9,474","9,686.40","9,817.95","12,441.07","1,695,903","16,089,857,300"
2020-05-22,"9,843","9,843","9,381","9,474","9,686.40","9,845.65","12,471.10","3,025,899","28,900,832,500"
2020-05-21,"9,843","9,936","9,751","9,890","9,667.80","9,884.90","12,497.68","2,168,147","21,353,099,950"
2020-05-20,"9,797","9,797","9,659","9,751","9,593.80","9,912.60","12,519.63","1,563,613","15,218,809,100"
2020-05-19,"9,659","9,843","9,612","9,843","9,566.00","9,956.50","12,544.66","2,766,229","26,934,130,450"
2020-05-18,"9,427","9,474","9,289","9,474","9,519.80","9,979.65","12,571.62","1,267,589","11,894,500,900"
2020-05-15,"9,520","9,566","9,335","9,381","9,612.20","10,023.55","12,604.35","1,332,744","12,525,922,300"
2020-05-14,"9,474","9,520","9,243","9,520","9,750.80","10,065.15","12,638.24","3,445,500","32,332,116,150"
2020-05-13,"9,520","9,659","9,427","9,612","9,843.20","10,118.30","12,670.98","2,019,466","19,242,818,550"
2020-05-12,"9,936","9,982","9,566","9,612","9,945.00","10,159.90","12,702.56","2,390,631","23,180,474,900"
2020-05-11,"10,074","10,121","9,936","9,936","10,000.60","10,189.95","12,733.38","1,363,695","13,630,340,800"
2020-05-08,"10,074","10,306","10,028","10,074","10,056.00","10,210.75","12,762.64","1,988,309","20,151,230,650"
2020-05-07,"10,028","10,074","9,890","9,982","10,093.00","10,220.00","12,788.83","1,533,110","15,295,175,000"
2020-05-06,"10,074","10,121","9,982","10,121","10,102.20","10,213.05","12,817.33","1,608,681","16,182,732,000"
2020-05-04,"10,028","10,121","9,843","9,890","10,028.20","10,210.70","12,841.98","2,349,104","23,418,303,900"
2020-04-29,"10,306","10,444","10,213","10,213","10,065.00","10,206.05","12,872.40","2,531,068","26,101,426,050"
2020-04-28,"10,121","10,444","10,028","10,259","10,028.00","10,208.35","12,899.36","3,165,443","32,491,161,250"
2020-04-27,"9,797","10,121","9,751","10,028","10,028.00","10,210.70","12,920.16","1,956,528","19,495,924,050"
2020-04-24,"9,982","10,028","9,751","9,751","10,111.20","10,229.20","12,939.03","2,499,491","24,563,287,350"
2020-04-23,"10,121","10,352","10,028","10,074","10,286.80","10,238.45","12,962.91","2,361,203","23,975,803,800"
2020-04-22,"10,167","10,213","9,843","10,028","10,333.20","10,231.55","12,982.94","2,827,695","28,278,900,000"
2020-04-21,"10,352","10,629","10,167","10,259","10,398.00","10,203.85","13,004.90","2,963,107","30,583,693,250"
2020-04-20,"10,675","10,675","10,398","10,444","10,388.80","10,123.90","13,025.70","2,440,766","25,703,654,500"
2020-04-17,"10,398","10,860","10,398","10,629","10,416.60","10,077.70","13,044.19","4,603,394","49,007,299,850"
2020-04-16,"10,213","10,398","10,121","10,306","10,379.60","9,957.55","13,061.91","1,651,557","16,970,040,550"
2020-04-14,"10,352","10,444","10,259","10,352","10,361.00","9,903.45","13,085.40","2,043,402","21,135,180,400"
2020-04-13,"10,583","10,583","10,167","10,213","10,361.00","9,880.35","13,110.82","2,072,502","21,397,301,950"
2020-04-10,"10,583","10,860","10,398","10,583","10,370.20","9,868.80","13,137.78","3,599,437","38,303,344,950"
2020-04-09,"10,537","10,583","10,259","10,444","10,222.20","9,861.85","13,157.42","2,518,975","26,154,146,100"
2020-04-08,"10,352","10,398","10,167","10,213","10,148.20","9,898.85","13,179.37","2,024,343","20,839,584,650"
2020-04-07,"10,537","10,629","10,167","10,352","10,065.00","9,986.65","13,204.40","3,158,033","32,733,014,900"
2020-04-06,"9,890","10,306","9,890","10,259","10,046.40","10,069.85","13,227.51","2,057,233","20,818,576,350"
2020-04-03,"10,028","10,167","9,705","9,843","10,055.80","10,160.00","13,251.78","2,025,869","20,106,751,800"
2020-04-02,"9,797","10,074","9,659","10,074","10,166.80","10,321.75","13,279.13","1,959,988","19,388,161,850"
2020-04-01,"10,074","10,259","9,797","9,797","10,139.20","10,478.90","13,303.39","2,414,141","24,328,324,400"
2020-03-31,"10,444","10,537","9,982","10,259","10,167.00","10,640.65","13,326.12","3,116,167","31,988,764,450"
2020-03-30,"10,028","10,352","9,843","10,306","10,010.00","10,770.05","13,344.22","3,271,321","33,054,934,500"
2020-03-27,"10,398","11,137","9,936","10,398","9,680.80","10,878.65","13,361.93","6,345,302","67,064,200,350"
2020-03-26,"10,028","10,444","9,705","9,936","9,505.20","10,987.25","13,379.64","4,763,917","48,217,547,550"
2020-03-25,"9,936","10,121","9,659","9,936","9,163.20","11,149.00","13,405.06","5,323,968","52,506,982,350"
2020-03-24,"8,882","9,474","8,780","9,474","9,020.80","11,324.60","13,431.24","4,046,112","37,345,229,330"
2020-03-23,"8,780","8,984","8,512","8,660","9,104.00","11,534.85","13,457.82","3,674,671","32,095,975,010"
2020-03-20,"8,411","9,520","8,411","9,520","9,368.40","11,785.80","13,493.48","4,535,590","40,251,510,080"
2020-03-19,"9,427","9,566","8,180","8,226","9,553.20","12,007.65","13,523.13","8,416,617","72,917,351,120"
2020-03-18,"10,028","10,213","9,224","9,224","10,144.80","12,308.05","13,564.73","3,887,653","37,700,033,550"
2020-03-17,"9,566","10,213","9,427","9,890","10,693.80","12,572.40","13,597.62","3,741,323","36,680,227,000"
2020-03-16,"10,629","10,768","9,982","9,982","11,119.00","12,798.85","13,627.65","4,387,086","45,458,831,200"
2020-03-13,"9,936","10,768","9,705","10,444","11,535.00","13,027.60","13,657.69","9,068,056","92,243,194,000"
2020-03-12,"11,877","11,923","10,906","11,184","12,061.80","13,235.60","13,681.18","6,042,220","68,014,768,200"
2020-03-11,"12,062","12,293","11,738","11,969","12,468.40","13,411.20","13,701.21","3,640,673","43,818,393,000"
2020-03-10,"11,831","12,108","11,738","12,016","12,681.00","13,568.35","13,716.62","4,648,929","55,465,266,650"
2020-03-09,"12,755","12,801","11,969","12,062","12,847.20","13,713.90","13,730.48","4,049,573","49,776,770,350"
2020-03-06,"12,986","13,125","12,894","13,078","12,930.40","13,857.15","13,739.72","2,446,474","31,807,530,100"
2020-03-05,"13,263","13,263","12,986","13,217","12,828.80","13,951.90","13,740.49","2,722,760","35,688,876,950"
2020-03-04,"12,801","13,125","12,801","13,032","12,819.60","14,058.20","13,740.88","2,515,347","32,639,727,450"
2020-03-03,"12,847","13,032","12,755","12,847","12,902.80","14,141.40","13,741.26","3,058,730","39,356,665,150"
2020-03-02,"12,709","12,801","12,385","12,478","13,069.20","14,238.45","13,744.34","2,714,417","34,174,923,900"
2020-02-28,"12,986","13,078","12,478","12,570","13,309.40","14,310.05","13,749.73","4,008,013","50,855,450,650"
2020-02-27,"13,448","13,587","12,986","13,171","13,586.80","14,393.25","13,752.04","2,955,464","38,959,808,350"
2020-02-26,"13,587","13,725","13,356","13,448","13,799.40","14,416.35","13,749.73","1,989,380","26,847,906,900"
2020-02-25,"13,772","14,003","13,587","13,679","14,012.00","14,427.90","13,738.57","2,082,700","28,702,695,250"
2020-02-24,"13,772","13,957","13,679","13,679","14,160.00","14,418.65","13,722.78","2,539,387","35,026,748,150"
2020-02-21,"13,957","14,326","13,910","13,957","14,335.60","14,420.95","13,705.83","2,251,835","31,643,009,650"
2020-02-20,"14,696","14,742","14,141","14,234","14,465.00","14,423.25","13,685.80","2,240,311","32,229,342,050"
2020-02-19,"14,465","14,696","14,419","14,511","14,557.40","14,418.60","13,666.16","1,849,571","26,904,597,800"
2020-02-18,"14,604","15,158","14,419","14,419","14,677.60","14,397.80","13,645.37","3,456,243","50,990,277,200"
2020-02-17,"14,650","14,788","14,465","14,557","14,779.20","14,409.35","13,625.34","1,336,695","19,532,647,850"
2020-02-14,"14,742","14,788","14,511","14,604","14,853.20","14,400.15","13,605.32","1,862,363","27,203,017,250"
2020-02-13,"15,251","15,251","14,557","14,696","14,927.00","14,390.90","13,582.98","3,350,546","49,511,700,750"
2020-02-12,"15,066","15,389","14,973","15,112","15,056.40","14,381.65","13,557.94","2,934,766","44,500,420,500"
2020-02-11,"15,020","15,066","14,835","14,927","14,973.20","14,337.75","13,530.98","1,414,937","21,122,896,750"
2020-02-10,"14,973","15,020","14,742","14,927","14,945.40","14,326.20","13,504.03","1,724,736","25,656,029,900"
2020-02-07,"15,343","15,343","14,788","14,973","14,742.00","14,307.70","13,477.45","2,507,183","37,519,419,600"
2020-02-06,"14,973","15,389","14,927","15,343","14,594.20","14,282.30","13,450.88","4,150,006","63,042,622,950"
2020-02-05,"14,927","14,973","14,557","14,696","14,252.20","14,270.75","13,423.15","3,143,948","46,446,250,900"
2020-02-04,"13,957","14,788","13,957","14,788","14,048.80","14,275.35","13,398.12","4,595,046","66,917,698,700"
2020-02-03,"13,957","14,234","13,633","13,910","13,790.00","14,286.95","13,373.08","3,528,380","49,196,705,550"
2020-01-31,"13,679","14,373","13,679","14,234","13,753.00","14,347.05","13,356.91","4,620,173","65,514,394,250"
2020-01-30,"13,725","13,910","13,356","13,633","13,706.80","14,386.35","13,343.04","2,412,536","32,845,533,700"
2020-01-29,"13,633","13,910","13,587","13,679","13,808.40","14,460.30","13,340.35","1,592,999","21,904,850,050"
2020-01-28,"13,402","13,725","13,356","13,494","13,891.60","14,508.85","13,338.04","2,462,018","33,322,673,550"
2020-01-23,"14,049","14,049","13,679","13,725","14,122.80","14,557.40","13,346.90","1,857,365","25,667,879,750"
2020-01-22,"14,141","14,234","13,910","14,003","14,252.40","14,610.55","13,353.45","2,161,240","30,346,874,200"
2020-01-21,"14,141","14,373","14,095","14,141","14,335.60","14,659.05","13,358.84","1,240,566","17,646,991,850"
2020-01-20,"14,696","14,742","14,095","14,095","14,409.60","14,696.05","13,364.63","3,100,012","44,397,430,850"
2020-01-17,"14,465","14,696","14,373","14,650","14,437.40","14,737.65","13,373.48","2,084,064","30,385,904,800"
2020-01-16,"14,373","14,373","14,095","14,373","14,446.60","14,760.75","13,382.73","1,888,354","26,957,073,450"
2020-01-15,"14,511","14,511","14,234","14,419","14,483.40","14,797.70","13,392.73","1,294,755","18,629,879,500"
2020-01-14,"14,280","14,557","14,234","14,511","14,492.60","14,813.85","13,401.98","2,589,746","37,303,212,100"
2020-01-13,"14,696","14,835","14,049","14,234","14,612.80","14,830.05","13,410.07","3,958,844","56,418,306,150"
2020-01-10,"14,511","14,835","14,511","14,696","14,723.60","14,848.55","13,422.01","1,835,164","26,953,604,150"
2020-01-09,"14,788","14,881","14,419","14,557","14,788.40","14,862.40","13,431.63","3,353,404","48,856,294,550"
2020-01-08,"14,973","15,020","14,465","14,465","14,899.40","14,878.60","13,440.88","2,840,723","41,656,983,900"
2020-01-07,"14,881","15,435","14,881","15,112","15,010.40","14,834.70","13,451.67","2,382,340","36,252,101,200"
2020-01-06,"14,835","15,112","14,742","14,788","15,010.40","14,760.75","13,455.13","1,457,186","21,661,912,350"
2020-01-03,"15,297","15,528","14,973","15,020","14,982.80","14,691.45","13,461.30","2,286,058","34,829,165,650"
2020-01-02,"15,204","15,251","15,020","15,112","14,871.80","14,633.65","13,463.23","1,342,464","20,347,770,500"
2019-12-30,"15,112","15,343","14,973","15,020","14,807.00","14,568.95","13,464.77","1,379,536","20,822,808,450"
2019-12-27,"14,650","15,158","14,650","15,112","14,797.60","14,497.30","13,473.62","1,950,585","29,258,878,100"
2019-12-26,"14,511","14,696","14,465","14,650","14,751.40","14,423.35","13,482.48","1,198,549","17,496,868,850"
2019-12-24,"14,835","14,835","14,419","14,465","14,806.80","14,335.55","13,494.41","1,699,755","24,710,751,750"
2019-12-23,"15,112","15,112","14,788","14,788","14,936.20","14,266.20","13,508.66","1,039,749","15,468,872,600"
2019-12-20,"14,927","15,066","14,788","14,973","15,001.00","14,159.95","13,520.22","1,675,026","25,061,225,550"
2019-12-19,"14,927","15,020","14,696","14,881","14,954.80","14,037.50","13,532.93","1,287,733","19,128,257,750"
2019-12-18,"15,112","15,158","14,835","14,927","14,945.60","13,931.20","13,545.63","1,702,865","25,412,117,400"
2019-12-17,"15,066","15,204","14,696","15,112","14,881.00","13,838.75","13,556.42","2,529,740","37,977,618,300"
2019-12-16,"14,742","15,204","14,742","15,112","14,853.20","13,753.25","13,566.04","3,153,568","47,355,055,550"
2019-12-13,"15,066","15,112","14,650","14,742","14,807.00","13,670.05","13,577.59","2,386,790","35,421,273,550"
2019-12-12,"14,742","14,927","14,511","14,835","14,576.00","13,605.35","13,589.15","2,983,980","44,072,437,950"
2019-12-11,"14,927","15,020","14,557","14,604","14,335.60","13,533.70","13,606.48","1,960,217","28,786,783,150"
2019-12-10,"14,973","15,066","14,742","14,973","14,095.20","13,469.00","13,616.48","2,812,253","41,907,579,900"
2019-12-09,"13,864","14,881","13,864","14,881","13,873.40","13,392.75","13,622.27","8,372,371","121,923,949,250"
2019-12-06,"13,772","13,864","13,494","13,587","13,660.80","13,309.55","13,629.58","1,934,868","26,473,244,300"
2019-12-05,"13,541","13,864","13,541","13,633","13,660.80","13,300.30","13,646.92","2,090,821","28,633,872,900"
2019-12-04,"13,633","13,679","13,356","13,402","13,660.80","13,272.55","13,665.02","2,781,302","37,492,524,600"
2019-12-03,"13,633","13,864","13,448","13,864","13,559.20","13,279.50","13,685.04","1,553,529","21,349,776,200"
2019-12-02,"13,864","13,910","13,587","13,818","13,402.00","13,258.70","13,704.30","3,010,641","41,575,510,700"
2019-11-29,"13,725","14,095","13,494","13,587","13,171.00","13,205.55","13,721.24","3,711,598","51,193,357,800"
2019-11-28,"12,847","13,679","12,801","13,633","12,958.40","13,140.85","13,736.26","5,109,532","69,265,677,850"
2019-11-27,"13,125","13,171","12,847","12,894","12,782.80","13,090.00","13,752.43","1,189,009","15,405,134,050"
2019-11-26,"12,755","13,217","12,709","13,078","12,819.60","13,069.20","13,775.93","2,329,705","30,374,969,900"
2019-11-25,"12,524","12,801","12,524","12,663","12,884.40","13,048.45","13,797.11","923,875","11,726,615,450"
2019-11-22,"12,709","12,755","12,478","12,524","13,041.40","13,053.05","13,823.29","1,874,356","23,540,036,800"
2019-11-21,"12,986","13,078","12,663","12,755","13,226.20","13,060.00","13,846.40","2,276,051","29,169,355,550"
2019-11-20,"13,356","13,402","13,032","13,078","13,355.60","13,060.00","13,866.81","1,699,467","22,388,303,250"
2019-11-19,"13,402","13,494","13,263","13,402","13,402.00","13,062.35","13,887.99","1,215,635","16,245,574,750"
2019-11-18,"13,541","13,587","13,356","13,448","13,411.20","13,062.35","13,904.93","915,916","12,315,991,150"
2019-11-15,"13,356","13,494","13,310","13,448","13,365.00","13,062.35","13,918.80","1,349,081","18,110,045,750"
2019-11-14,"13,310","13,448","13,263","13,402","13,355.80","13,036.95","13,932.67","1,088,280","14,558,156,350"
2019-11-13,"13,402","13,494","13,217","13,310","13,291.00","13,020.75","13,951.15","949,977","12,658,731,150"
2019-11-12,"13,310","13,448","13,171","13,448","13,337.20","13,016.10","13,970.40","1,054,407","14,032,112,200"
2019-11-11,"13,402","13,448","13,125","13,217","13,337.20","12,999.95","13,987.35","1,102,051","14,598,011,850"
2019-11-08,"13,217","13,587","12,986","13,402","13,244.80","12,997.65","14,009.69","1,747,031","23,390,302,600"
2019-11-07,"13,494","13,494","13,078","13,078","13,023.00","12,983.80","14,030.49","1,974,721","26,086,666,300"
2019-11-06,"13,494","13,633","13,263","13,541","12,930.60","12,979.20","14,058.61","2,044,000","27,571,848,450"
2019-11-05,"12,801","13,494","12,801","13,448","12,718.00","12,928.35","14,080.94","3,222,464","42,625,408,800"
2019-11-04,"12,431","12,847","12,431","12,755","12,561.00","12,877.50","14,103.28","2,084,216","26,421,072,550"
2019-11-01,"12,524","12,663","12,293","12,293","12,561.00","12,861.30","14,134.48","1,748,024","21,651,129,750"
2019-10-31,"12,524","12,755","12,478","12,616","12,635.00","12,872.85","14,170.29","1,367,239","17,273,667,050"
2019-10-30,"12,570","12,663","12,478","12,478","12,662.80","12,891.35","14,209.58","1,475,930","18,503,988,250"
2019-10-29,"12,847","12,940","12,570","12,663","12,792.20","12,921.35","14,248.86","1,113,022","14,150,300,550"
2019-10-28,"12,709","13,125","12,663","12,755","12,940.00","12,921.35","14,292.76","1,399,522","17,946,605,000"
2019-10-25,"12,755","12,847","12,478","12,663","13,078.60","12,930.60","14,337.82","1,437,121","18,271,756,600"
2019-10-24,"12,847","12,986","12,339","12,755","13,134.00","12,951.35","14,385.95","2,764,028","35,206,275,850"
2019-10-23,"13,356","13,402","13,032","13,125","13,198.60","12,974.45","14,435.63","2,646,422","34,650,598,900"
2019-10-22,"13,448","13,541","13,217","13,402","13,217.00","12,976.75","14,477.99","1,866,838","25,018,509,000"
2019-10-21,"12,940","13,494","12,940","13,448","13,161.60","12,981.35","14,517.28","2,753,289","36,619,403,150"
2019-10-18,"13,125","13,217","12,894","12,940","13,106.20","12,988.30","14,558.48","921,023","12,037,135,900"
2019-10-17,"13,263","13,356","13,032","13,078","13,143.20","13,004.45","14,614.33","945,747","12,445,224,850"
2019-10-16,"13,217","13,402","13,078","13,217","13,124.80","13,029.90","14,669.02","1,729,631","22,877,830,650"
2019-10-15,"13,310","13,310","13,078","13,125","12,986.20","13,059.95","14,724.48","790,170","10,405,794,550"
2019-10-14,"13,310","13,356","13,078","13,171","12,847.40","13,087.65","14,782.63","1,245,858","16,409,037,500"
2019-10-11,"13,217","13,263","13,032","13,125","12,699.40","13,087.65","14,840.01","1,558,346","20,506,382,800"
2019-10-10,"12,570","13,125","12,524","12,986","12,579.20","13,089.95","14,898.93","3,031,004","39,076,229,150"
2019-10-08,"12,293","12,616","12,200","12,524","12,579.20","13,103.80","14,959.78","1,303,546","16,263,411,550"
2019-10-07,"12,478","12,616","12,247","12,431","12,690.00","13,131.50","15,023.72","1,351,166","16,694,077,850"
2019-10-04,"12,478","12,847","12,431","12,431","12,736.40","13,170.80","15,090.35","1,643,496","20,665,739,800"
2019-10-02,"12,847","12,940","12,478","12,524","12,838.20","13,205.50","15,155.83","1,891,402","23,909,758,350"
2019-10-01,"13,078","13,171","12,894","12,986","12,949.00","13,221.65","15,218.98","1,235,466","16,111,331,250"
2019-09-30,"12,616","13,125","12,616","13,078","12,995.20","13,217.05","15,270.59","1,352,000","17,621,435,050"
2019-09-27,"12,940","13,032","12,663","12,663","13,013.80","13,168.55","15,318.73","1,014,945","12,982,743,350"
2019-09-26,"13,171","13,217","12,847","12,940","13,180.00","13,124.60","15,367.26","1,582,106","20,583,322,550"
2019-09-25,"13,171","13,263","13,032","13,078","13,309.40","13,059.90","15,413.48","1,569,101","20,604,945,950"
2019-09-24,"13,217","13,310","13,125","13,217","13,346.40","12,983.65","15,458.15","1,744,091","23,047,086,350"
2019-09-23,"13,448","13,448","13,032","13,171","13,420.40","12,916.65","15,501.67","2,188,807","28,902,156,100"
2019-09-20,"13,633","13,679","13,402","13,494","13,549.80","12,858.90","15,542.11","1,606,059","21,766,415,250"
2019-09-19,"13,310","13,679","13,263","13,587","13,586.80","12,785.00","15,578.70","2,274,099","30,867,908,500"
2019-09-18,"13,494","13,541","13,078","13,263","13,503.60","12,713.35","15,620.29","3,515,588","46,714,429,600"
2019-09-17,"13,772","13,957","13,494","13,587","13,485.20","12,646.35","15,666.51","2,488,028","34,081,545,400"
2019-09-16,"13,725","13,818","13,494","13,818","13,420.40","12,551.60","15,709.64","2,469,009","33,696,864,500"
2019-09-11,"13,310","13,679","13,171","13,679","13,272.40","12,454.55","15,754.70","3,700,466","50,039,807,250"
2019-09-10,"13,263","13,356","13,125","13,171","13,180.00","12,355.20","15,800.92","1,173,898","15,514,986,750"
2019-09-09,"13,356","13,494","13,171","13,171","13,170.80","12,283.55","15,849.06","1,570,612","20,926,968,750"
2019-09-06,"13,217","13,494","13,125","13,263","13,106.00","12,214.20","15,897.20","2,190,669","29,106,451,000"
2019-09-05,"13,402","13,541","12,986","13,078","13,032.20","12,151.85","15,947.66","3,037,357","40,254,723,600"
2019-09-04,"13,171","13,263","12,940","13,217","12,838.20","12,082.55","16,001.19","1,607,503","21,048,611,450"
2019-09-03,"12,894","13,310","12,847","13,125","12,551.60","12,010.90","16,053.18","2,253,783","29,595,440,050"
2019-09-02,"13,125","13,402","12,801","12,847","12,255.80","11,953.10","16,104.02","3,332,437","43,470,816,200"
2019-08-30,"12,293","12,986","12,247","12,894","11,997.00","11,939.25","16,159.87","5,056,918","64,303,854,200"
2019-08-29,"11,831","12,154","11,692","12,108","11,793.60","11,960.05","16,214.55","1,639,312","19,585,191,500"
2019-08-28,"11,738","11,784","11,553","11,784","11,775.20","12,024.75","16,277.71","1,225,930","14,326,333,750"
2019-08-27,"11,692","11,784","11,600","11,646","11,821.60","12,163.40","16,343.57","1,350,798","15,781,781,350"
2019-08-26,"11,646","11,738","11,553","11,553","11,923.20","12,306.65","16,410.96","1,491,673","17,354,991,700"
2019-08-23,"11,923","12,016","11,877","11,877","11,997.20","12,461.50","16,474.89","998,386","11,903,246,550"
2019-08-22,"12,016","12,154","11,923","12,016","11,960.20","12,609.40","16,536.13","1,992,842","23,933,533,250"
2019-08-21,"12,062","12,154","11,969","12,016","11,932.40","12,766.50","16,599.67","1,769,830","21,284,856,900"
2019-08-20,"12,016","12,200","11,923","12,154","11,867.60","12,953.65","16,662.05","1,776,513","21,431,225,200"
2019-08-19,"11,877","12,016","11,784","11,923","11,784.40","13,124.65","16,721.36","1,568,197","18,683,777,250"
2019-08-16,"11,738","11,831","11,600","11,692","11,756.60","13,304.90","16,781.44","1,457,433","17,049,435,200"
2019-08-14,"11,923","12,016","11,831","11,877","11,821.40","13,494.40","16,842.68","2,038,791","24,253,901,500"
2019-08-13,"11,738","12,154","11,692","11,692","11,784.40","13,683.90","16,901.98","2,302,156","27,215,880,300"
2019-08-12,"11,877","11,923","11,600","11,738","11,802.80","13,891.85","16,955.52","1,847,181","21,686,501,800"
2019-08-09,"12,108","12,247","11,784","11,784","11,849.00","14,088.30","17,009.43","2,764,733","33,225,207,600"
2019-08-08,"11,877","12,154","11,784","12,016","12,006.20","14,287.05","17,064.13","2,470,774","29,570,480,550"
2019-08-07,"11,738","12,062","11,600","11,692","12,265.00","14,462.65","17,113.03","3,022,899","35,467,082,550"
2019-08-06,"11,553","12,293","11,507","11,784","12,607.00","14,654.45","17,165.03","4,620,722","55,235,161,050"
2019-08-05,"12,385","12,431","11,738","11,969","13,161.60","14,827.80","17,212.78","6,879,390","82,384,800,300"
2019-08-02,"12,894","13,125","12,524","12,570","13,670.00","14,994.20","17,261.70","5,246,269","67,126,864,350"
2019-08-01,"13,310","13,541","13,310","13,310","14,086.00","15,169.80","17,304.07","2,762,755","36,993,419,450"
2019-07-31,"13,957","13,957","13,171","13,402","14,391.00","15,313.05","17,338.34","13,167,267","176,960,241,750"
2019-07-30,"14,419","14,650","14,419","14,557","14,742.20","15,447.05","17,374.16","772,411","11,241,690,150"
2019-07-29,"14,650","14,742","14,419","14,511","14,982.60","15,527.95","17,399.58","1,319,792","19,201,891,650"
2019-07-26,"14,557","14,742","14,465","14,650","15,195.20","15,611.15","17,424.23","1,815,215","26,546,196,600"
2019-07-25,"15,204","15,251","14,696","14,835","15,370.80","15,703.55","17,454.28","2,791,682","41,432,577,100"
2019-07-24,"15,435","15,574","15,112","15,158","15,500.20","15,782.10","17,488.55","2,484,602","38,045,559,000"
2019-07-23,"15,851","16,082","15,713","15,759","15,602.00","15,835.25","17,517.43","1,581,861","25,039,779,750"
2019-07-22,"15,574","15,759","15,343","15,574","15,620.40","15,860.65","17,542.47","769,195","11,968,757,200"
2019-07-19,"15,297","15,620","15,112","15,528","15,639.00","15,906.85","17,565.58","2,146,639","32,988,604,650"
2019-07-18,"15,620","15,805","15,343","15,482","15,685.20","15,936.90","17,589.45","1,075,565","16,747,526,000"
2019-07-17,"15,898","15,944","15,528","15,667","15,694.40","16,008.50","17,612.56","840,069","13,151,455,500"
2019-07-16,"15,759","15,990","15,713","15,851","15,666.60","16,015.40","17,638.36","738,412","11,704,629,100"
2019-07-15,"15,759","15,851","15,620","15,667","15,546.60","16,006.20","17,660.32","630,711","9,890,417,850"
2019-07-12,"15,620","15,851","15,528","15,759","15,472.60","16,010.80","17,683.42","663,641","10,437,641,050"
2019-07-11,"15,574","15,898","15,528","15,528","15,537.20","16,006.20","17,706.53","2,029,164","31,711,522,250"
2019-07-10,"15,343","15,713","15,297","15,528","15,666.60","16,020.05","17,730.78","1,131,729","17,598,507,000"
2019-07-09,"15,343","15,528","15,158","15,251","15,777.40","16,033.90","17,755.43","1,412,823","21,591,803,650"
2019-07-08,"15,990","15,990","15,204","15,297","15,962.20","16,080.10","17,782.00","2,455,833","37,832,943,250"
2019-07-05,"16,129","16,314","15,990","16,082","16,137.80","16,107.80","17,807.03","862,718","13,890,533,600"
2019-07-04,"16,036","16,314","15,944","16,175","16,221.00","16,073.15","17,819.36","904,766","14,568,188,800"
2019-07-03,"16,175","16,221","15,898","16,082","16,267.20","16,043.10","17,830.14","1,222,424","19,619,066,150"
2019-07-02,"16,129","16,221","16,036","16,175","16,295.00","16,024.65","17,837.85","907,856","14,648,366,450"
2019-07-01,"16,452","16,498","15,898","16,175","16,313.40","15,996.90","17,843.24","1,771,833","28,598,554,450"
2019-06-28,"16,452","16,591","16,314","16,498","16,378.00","15,978.40","17,845.55","880,942","14,503,991,000"
2019-06-27,"16,314","16,545","16,221","16,406","16,304.20","15,918.35","17,845.17","1,054,274","17,319,151,050"
2019-06-26,"16,267","16,545","16,221","16,221","16,405.80","15,858.25","17,847.47","931,085","15,211,536,900"
2019-06-25,"16,498","16,591","16,267","16,267","16,322.60","15,828.20","17,852.48","1,064,830","17,454,902,600"
2019-06-24,"16,360","16,729","16,360","16,498","16,202.60","15,786.60","17,856.72","1,611,563","26,634,364,700"
2019-06-21,"16,822","16,868","16,129","16,129","16,054.80","15,717.30","17,861.73","3,468,894","56,735,429,050"
2019-06-20,"16,082","16,961","16,082","16,914","15,962.40","15,666.45","17,866.35","4,497,915","74,947,477,600"
2019-06-19,"15,805","15,944","15,759","15,805","15,740.60","15,601.75","17,864.81","1,714,365","27,145,164,550"
2019-06-18,"15,805","15,851","15,667","15,667","15,740.60","15,592.50","17,874.44","1,062,982","16,717,301,600"
2019-06-17,"15,759","15,944","15,759","15,759","15,842.20","15,583.25","17,884.83","1,118,997","17,711,116,100"
2019-06-14,"15,759","15,759","15,620","15,667","15,860.60","15,590.20","17,892.92","1,604,411","25,173,342,550"
2019-06-13,"15,805","15,898","15,574","15,805","15,805.00","15,601.75","17,899.84","1,914,525","30,133,910,700"
2019-06-12,"16,082","16,175","15,759","15,805","15,758.80","15,634.10","17,908.70","1,437,337","22,846,556,550"
2019-06-11,"15,898","16,221","15,851","16,175","15,740.40","15,654.90","17,910.63","1,648,707","26,550,206,650"
2019-06-10,"15,667","15,851","15,620","15,851","15,629.40","15,652.60","17,906.78","1,428,970","22,493,512,200"
2019-06-07,"15,528","15,713","15,204","15,389","15,620.20","15,684.95","17,904.08","2,766,706","42,671,526,050"
2019-06-05,"15,944","16,082","15,528","15,574","15,601.80","15,745.05","17,906.40","1,721,348","26,979,178,700"
2019-06-04,"15,667","15,898","15,574","15,713","15,527.80","15,832.85","17,906.78","1,162,345","18,276,429,600"
2019-06-03,"15,667","15,759","15,343","15,620","15,509.20","15,906.80","17,910.63","2,490,786","38,650,019,550"
2019-05-31,"15,251","15,990","15,204","15,805","15,472.20","16,022.35","17,916.42","2,255,913","35,642,181,400"
2019-05-30,"15,204","15,389","15,112","15,297","15,333.60","16,140.20","17,924.12","1,991,948","30,390,406,400"
2019-05-29,"15,528","15,574","15,158","15,204","15,296.60","16,297.30","17,931.82","1,648,818","25,181,562,750"
2019-05-28,"15,574","15,713","15,435","15,620","15,379.80","16,472.95","17,943.38","2,198,154","34,281,745,350"
2019-05-27,"15,297","15,805","15,297","15,435","15,379.80","16,602.35","17,953.78","1,914,991","29,813,970,900"
2019-05-24,"15,020","15,251","14,927","15,112","15,389.20","16,736.40","17,958.78","1,446,028","21,795,346,350"
2019-05-23,"15,528","15,574","15,020","15,112","15,546.40","16,900.45","17,966.10","2,559,709","38,910,180,350"
2019-05-22,"15,713","15,759","15,435","15,620","15,703.60","17,126.90","17,970.33","1,387,853","21,621,297,100"
2019-05-21,"15,482","15,759","15,435","15,620","15,870.00","17,327.95","17,974.96","2,153,595","33,558,110,050"
2019-05-20,"15,851","15,944","15,482","15,482","15,990.20","17,540.55","17,979.97","1,502,243","23,425,483,700"
2019-05-17,"16,129","16,175","15,759","15,898","16,119.60","17,771.60","17,987.28","1,286,590","20,464,848,050"
2019-05-16,"16,452","16,498","15,759","15,898","16,239.60","17,979.55","17,990.36","2,062,566","33,065,982,100"
2019-05-15,"16,082","16,545","16,082","16,452","16,378.20","18,194.45","17,995.36","1,365,945","22,426,491,550"
2019-05-14,"15,990","16,406","15,805","16,221","16,553.80","18,386.25","17,995.74","1,520,147","24,569,399,550"
2019-05-13,"16,360","16,498","16,082","16,129","16,748.00","18,585.00","17,996.52","1,283,794","20,848,658,850"
2019-05-10,"16,637","16,822","16,221","16,498","17,108.40","18,799.90","18,001.91","2,254,762","37,226,599,950"
2019-05-09,"17,284","17,284","16,591","16,591","17,441.20","18,989.40","18,003.83","3,050,624","51,136,419,100"
2019-05-08,"17,007","17,377","16,868","17,330","17,810.80","19,165.00","18,003.83","1,576,623","27,158,190,750"
2019-05-07,"17,654","17,700","17,099","17,192","18,088.20","19,257.45","17,990.36","2,931,882","50,619,714,600"
2019-05-03,"18,208","18,301","17,885","17,931","18,291.40","19,340.60","17,976.11","1,911,339","34,479,494,500"
2019-05-02,"18,255","18,486","18,070","18,162","18,328.40","19,368.35","17,957.63","1,432,425","26,129,495,300"
2019-04-30,"18,578","18,717","18,208","18,439","18,374.60","19,384.55","17,937.98","1,425,159","26,256,683,100"
2019-04-29,"18,208","18,809","18,024","18,717","18,615.00","19,384.55","17,918.73","1,863,314","34,596,175,500"
2019-04-26,"18,162","18,486","18,070","18,208","18,799.80","19,370.65","17,889.85","2,205,647","40,297,342,560"
2019-04-25,"18,255","18,301","17,839","18,116","19,132.60","19,361.45","17,865.21","3,401,036","61,412,368,200"
2019-04-24,"19,826","19,872","18,393","18,393","19,530.00","19,349.90","17,837.87","4,153,382","77,863,543,800"
2019-04-23,"19,780","20,011","19,502","19,641","19,862.80","19,359.15","17,806.68","965,379","18,971,355,900"
2019-04-22,"19,826","20,011","19,549","19,641","19,973.80","19,317.55","17,768.17","825,559","16,272,473,750"
2019-04-19,"20,149","20,242","19,826","19,872","20,103.20","19,273.65","17,733.12","708,347","14,144,740,800"
2019-04-18,"20,196","20,473","19,965","20,103","20,168.00","19,241.30","17,700.00","1,372,627","27,629,371,550"
2019-04-17,"20,149","20,334","19,872","20,057","20,232.80","19,197.40","17,665.34","1,325,549","26,559,849,900"
2019-04-16,"20,103","20,242","19,641","20,196","20,279.00","19,141.95","17,638.38","1,909,518","38,223,750,210"
2019-04-15,"20,288","20,381","20,011","20,288","20,260.40","19,079.55","17,607.96","1,287,918","26,034,347,300"
2019-04-12,"20,288","20,427","20,011","20,196","20,038.60","19,031.05","17,579.08","1,526,045","30,807,126,250"
2019-04-11,"20,288","20,519","20,057","20,427","19,770.40","18,996.35","17,550.18","2,486,084","50,645,095,550"
2019-04-10,"20,149","20,381","20,057","20,288","19,382.20","18,947.80","17,518.98","2,342,268","47,459,933,050"
2019-04-09,"19,410","20,242","19,318","20,103","19,021.80","18,894.65","17,485.87","3,932,867","78,521,821,200"
2019-04-08,"18,902","19,271","18,763","19,179","18,689.00","18,866.95","17,458.91","1,447,417","27,562,575,400"
2019-04-05,"18,717","18,948","18,486","18,855","18,541.00","18,880.80","17,432.72","1,520,817","28,473,021,750"
2019-04-04,"18,532","18,902","18,347","18,486","18,374.80","18,922.40","17,413.47","1,157,359","21,496,348,100"
2019-04-03,"18,301","18,532","18,162","18,486","18,254.60","18,982.45","17,402.29","1,394,237","25,542,488,450"
2019-04-02,"18,439","18,532","18,255","18,439","18,273.00","19,044.80","17,391.89","1,083,773","19,935,157,450"
2019-04-01,"18,116","18,578","18,116","18,439","18,347.00","19,084.10","17,384.58","983,529","18,123,166,750"
2019-03-29,"17,885","18,162","17,746","18,024","18,411.80","19,123.40","17,379.96","1,405,680","25,244,014,250"
2019-03-28,"18,393","18,486","17,885","17,885","18,652.00","19,204.25","17,377.64","1,635,976","29,594,022,850"
2019-03-27,"18,809","18,855","18,347","18,578","18,920.00","19,285.10","17,375.72","1,381,761","25,553,818,700"
2019-03-26,"18,809","19,040","18,671","18,809","18,994.00","19,319.75","17,371.48","994,050","18,761,896,350"
2019-03-25,"18,855","19,086","18,763","18,763","19,021.80","19,335.95","17,361.08","994,949","18,785,951,550"
2019-03-22,"19,410","19,687","19,179","19,225","19,132.80","19,349.80","17,350.68","1,469,376","28,539,506,900"
2019-03-21,"18,994","19,641","18,994","19,225","19,188.20","19,338.25","17,336.82","2,010,192","38,733,360,000"
2019-03-20,"18,902","19,086","18,717","18,948","19,234.40","19,282.80","17,327.96","1,067,438","20,152,372,250"
2019-03-19,"19,271","19,271","18,902","18,948","19,289.80","19,245.80","17,321.79","1,111,865","21,139,663,650"
2019-03-18,"19,410","19,502","19,133","19,318","19,410.00","19,215.75","17,318.71","1,402,363","27,078,748,200"
2019-03-15,"19,410","19,549","19,179","19,502","19,437.60","19,144.10","17,313.70","1,629,048","31,635,070,600"
2019-03-14,"19,225","19,456","19,086","19,456","19,474.60","19,065.55","17,307.93","1,529,467","29,536,177,850"
2019-03-13,"19,318","19,502","18,948","19,225","19,520.80","18,968.50","17,300.99","2,214,388","42,440,023,400"
2019-03-12,"19,641","19,826","19,456","19,549","19,622.40","18,899.20","17,304.08","2,105,307","41,215,916,950"
2019-03-11,"19,687","19,826","19,179","19,456","19,557.60","18,804.45","17,303.30","1,178,862","22,891,366,300"
2019-03-08,"19,641","19,965","19,456","19,687","19,511.40","18,702.80","17,306.38","1,966,337","38,855,874,100"
2019-03-07,"19,780","19,872","19,595","19,687","19,502.20","18,603.45","17,312.17","1,404,716","27,695,993,800"
2019-03-06,"19,364","20,057","19,364","19,733","19,465.20","18,499.50","17,312.94","2,818,292","55,697,130,625"
2019-03-05,"19,225","19,456","18,855","19,225","19,372.80","18,386.30","17,311.79","1,611,851","30,922,639,650"
2019-03-04,"19,733","19,965","19,040","19,225","19,354.40","18,337.80","17,315.26","2,709,633","52,433,438,800"
2019-02-28,"19,687","20,057","19,502","19,641","19,317.40","18,323.95","17,318.34","3,460,312","68,629,197,850"
2019-02-27,"19,271","19,687","19,133","19,502","19,188.00","18,273.10","17,319.88","1,999,947","38,985,586,300"
2019-02-26,"19,179","19,318","18,902","19,271","18,910.80","18,236.15","17,321.43","1,158,599","22,176,860,450"
2019-02-25,"19,086","19,364","18,994","19,133","18,698.20","18,189.95","17,323.74","1,249,439","23,934,866,850"
2019-02-22,"19,086","19,133","18,717","19,040","18,541.00","18,152.95","17,329.52","1,437,744","27,228,619,400"
2019-02-21,"18,070","19,086","18,024","18,994","18,310.00","18,113.70","17,341.08","4,633,036","86,937,213,900"
2019-02-20,"18,255","18,301","17,839","18,116","18,097.40","18,102.15","17,354.56","1,523,015","27,499,065,200"
2019-02-19,"18,301","18,393","18,070","18,208","17,977.20","18,120.65","17,382.68","861,936","15,724,069,800"
2019-02-18,"17,977","18,393","17,931","18,347","17,903.40","18,132.20","17,406.94","2,325,728","42,518,713,400"
2019-02-15,"17,931","18,024","17,608","17,885","17,764.80","18,141.45","17,426.97","1,352,367","24,084,088,600"
2019-02-14,"17,515","17,977","17,469","17,931","17,672.40","18,169.15","17,450.84","2,160,682","38,544,931,000"
2019-02-13,"17,931","17,977","17,423","17,515","17,626.20","18,196.90","17,470.10","1,651,606","29,018,933,650"
2019-02-12,"17,608","17,931","17,561","17,839","17,644.80","18,243.10","17,490.13","1,220,566","21,698,844,150"
2019-02-11,"17,561","17,746","17,377","17,654","17,570.80","18,266.20","17,512.08","1,089,612","19,146,316,100"
2019-02-08,"17,654","17,700","17,423","17,423","17,691.00","18,261.55","17,531.72","1,044,716","18,294,414,850"
2019-02-07,"17,654","17,931","17,608","17,700","17,996.00","18,263.85","17,552.90","1,870,711","33,234,638,700"
2019-02-01,"17,515","17,839","17,469","17,608","18,180.80","18,229.20","17,579.47","1,975,581","34,915,812,700"
2019-01-31,"18,347","18,393","17,423","17,469","18,411.80","18,189.90","17,603.73","4,485,310","79,185,492,150"
2019-01-30,"19,225","19,502","18,116","18,255","18,587.40","18,139.05","17,625.30","5,305,300","97,682,949,701"
2019-01-29,"18,624","19,040","18,578","18,948","18,615.00","18,048.90","17,640.70","2,093,628","39,382,907,300"
2019-01-28,"18,763","18,809","18,439","18,624","18,476.40","17,935.65","17,649.56","1,676,428","31,186,963,500"
2019-01-25,"18,393","18,855","18,347","18,763","18,504.20","17,845.55","17,658.03","2,224,289","41,583,256,650"
2019-01-24,"18,393","18,486","18,208","18,347","18,448.80","17,746.20","17,665.35","1,062,501","19,494,160,100"
2019-01-23,"18,208","18,486","18,070","18,393","18,467.20","17,683.80","17,676.52","1,070,541","19,642,641,450"
2019-01-22,"18,809","18,855","18,070","18,255","18,495.00","17,598.30","17,687.30","2,249,647","41,150,143,400"
2019-01-21,"18,671","19,040","18,578","18,763","18,531.80","17,522.00","17,692.69","2,852,556","53,658,251,850"
2019-01-18,"18,532","18,717","18,162","18,486","18,476.40","17,431.90","17,701.55","1,203,514","22,177,703,000"
2019-01-17,"18,532","18,902","18,301","18,439","18,467.00","17,353.30","17,710.41","1,496,338","27,739,852,300"
2019-01-16,"18,439","18,763","18,347","18,532","18,439.40","17,267.80","17,725.43","1,753,090","32,457,697,250"
2019-01-15,"18,486","18,532","18,255","18,439","18,245.20","17,166.10","17,735.83","1,331,890","24,456,321,000"
2019-01-14,"18,486","18,532","18,208","18,486","18,051.20","17,087.55","17,738.53","1,406,419","25,768,599,200"
2019-01-11,"18,255","18,809","18,208","18,439","17,755.40","16,965.05","17,741.22","3,096,307","57,403,989,850"
2019-01-10,"17,654","18,301","17,469","18,301","17,432.00","16,828.75","17,740.46","3,309,950","59,626,608,340"
2019-01-09,"17,700","17,885","17,469","17,561","17,062.20","16,690.10","17,738.92","1,980,448","34,933,091,100"
2019-01-08,"17,284","17,746","17,145","17,469","16,840.40","16,595.40","17,743.16","2,772,591","48,533,676,200"
2019-01-07,"17,007","17,145","16,868","17,007","16,683.20","16,502.95","17,749.32","1,415,039","24,068,810,500"
2019-01-04,"16,406","16,822","16,175","16,822","16,646.20","16,461.35","17,758.56","1,340,292","22,161,810,900"
2019-01-03,"16,452","16,683","16,267","16,452","16,637.00","16,435.95","17,763.57","1,274,010","20,912,041,850"
2019-01-02,"16,729","16,822","16,406","16,452","16,766.40","16,449.80","17,765.11","1,205,160","19,911,860,850"
2018-12-28,"16,868","16,914","16,545","16,683","16,812.60","16,438.25","17,768.58","858,160","14,319,667,600"
2018-12-27,"17,007","17,007","16,683","16,822","16,821.80","16,433.65","17,768.96","1,111,672","18,688,714,400"
2018-12-26,"16,822","17,099","16,591","16,776","16,849.60","16,435.95","17,765.49","1,668,355","28,107,954,800"
2018-12-24,"16,683","17,192","16,637","17,099","16,877.20","16,398.95","17,765.49","1,266,705","21,591,890,450"
2018-12-21,"16,729","16,822","16,591","16,683","16,803.20","16,343.50","17,763.95","1,331,032","22,191,896,650"
2018-12-20,"16,776","16,914","16,545","16,729","16,766.20","16,290.35","17,759.72","1,257,656","21,031,395,050"
2018-12-19,"17,007","17,192","16,868","16,961","16,794.00","16,262.65","17,761.26","1,474,629","25,052,413,700"
2018-12-18,"16,683","17,053","16,683","16,914","16,609.00","16,225.65","17,760.10","1,987,413","33,594,580,250"
2018-12-17,"16,498","16,868","16,498","16,729","16,368.80","16,197.95","17,763.96","1,247,099","20,863,946,050"
2018-12-14,"16,914","16,961","16,314","16,498","16,128.60","16,174.85","17,770.89","2,244,888","37,237,217,750"
2018-12-13,"16,129","16,868","16,036","16,868","15,962.40","16,174.85","17,779.37","4,656,413","77,709,694,300"
2018-12-12,"15,898","16,082","15,805","16,036","15,712.80","16,156.35","17,789.77","1,199,705","19,176,112,850"
2018-12-11,"15,528","15,805","15,528","15,713","15,740.60","16,170.25","17,808.26","1,089,849","17,112,547,500"
2018-12-10,"15,528","15,620","15,343","15,528","15,860.80","16,223.40","17,833.68","1,425,774","22,065,891,700"
2018-12-07,"15,759","15,898","15,620","15,667","16,101.00","16,283.45","17,867.57","1,142,317","17,971,901,650"
2018-12-06,"16,175","16,267","15,574","15,620","16,211.80","16,329.65","17,907.62","2,083,945","32,855,595,450"
2018-12-05,"16,082","16,314","15,990","16,175","16,406.00","16,334.30","17,950.75","807,354","13,064,871,950"
2018-12-04,"16,729","16,868","16,175","16,314","16,544.60","16,299.65","17,987.33","1,641,636","26,876,763,600"
2018-12-03,"16,498","16,729","16,360","16,729","16,489.00","16,269.60","18,023.53","1,104,267","18,365,552,800"
2018-11-30,"16,545","16,591","16,221","16,221","16,341.20","16,223.40","18,055.50","2,250,878","36,687,074,650"
2018-11-29,"16,868","17,099","16,498","16,591","16,221.00","16,218.80","18,094.78","1,503,595","25,180,677,950"
2018-11-28,"16,036","16,914","16,036","16,868","16,137.80","16,151.80","18,134.45","2,968,253","49,581,297,650"
2018-11-27,"16,082","16,221","15,851","16,036","16,008.40","16,070.95","18,171.04","1,467,410","23,581,321,350"
2018-11-26,"15,667","16,036","15,667","15,990","16,073.20","16,010.90","18,208.40","1,158,144","18,392,659,500"
2018-11-23,"16,175","16,267","15,482","15,620","16,128.60","15,943.90","18,248.07","1,614,632","25,408,470,150"
2018-11-22,"16,406","16,406","16,082","16,175","16,304.20","15,913.90","18,296.21","679,544","11,022,911,850"
2018-11-21,"16,175","16,360","16,082","16,221","16,368.80","15,876.90","18,330.87","1,217,871","19,736,799,000"
2018-11-20,"16,036","16,406","16,036","16,360","16,387.40","15,860.75","18,365.53","1,252,362","20,343,201,800"
2018-11-19,"16,498","16,637","16,221","16,267","16,470.60","15,839.95","18,401.73","1,147,275","18,742,690,500"
2018-11-16,"16,591","16,868","16,406","16,498","16,563.00","15,867.70","18,441.02","1,275,400","21,126,109,100"
2018-11-15,"16,221","16,683","16,221","16,498","16,581.60","15,870.05","18,476.83","1,247,923","20,500,122,050"
2018-11-14,"16,729","16,776","16,129","16,314","16,424.60","15,886.25","18,514.58","1,651,959","27,011,627,750"
2018-11-13,"16,314","16,822","16,175","16,776","16,258.20","15,907.00","18,555.40","1,844,362","30,577,819,450"
2018-11-12,"16,452","17,330","16,452","16,729","16,045.60","15,902.35","18,592.37","3,406,960","57,973,112,850"
2018-11-09,"15,805","16,776","15,805","16,591","15,860.80","15,881.60","18,631.27","3,858,071","63,434,259,100"
2018-11-08,"15,805","16,036","15,574","15,713","15,768.40","15,895.45","18,672.47","1,813,987","28,664,570,500"
2018-11-07,"15,759","15,990","15,389","15,482","15,676.00","15,911.60","18,721.00","1,952,648","30,485,655,050"
2018-11-06,"15,759","15,805","15,482","15,713","15,629.80","15,964.75","18,764.52","1,623,386","25,318,826,250"
2018-11-05,"15,944","15,990","15,574","15,805","15,454.20","16,036.35","18,806.88","1,386,467","21,823,701,842"
2018-11-02,"15,389","16,267","15,343","16,129","15,223.20","16,108.00","18,847.32","2,434,498","38,408,699,600"
2018-11-01,"15,204","15,574","15,112","15,251","15,001.40","16,179.60","18,888.91","2,193,474","33,692,430,700"
2018-10-31,"14,973","15,297","14,742","15,251","15,038.20","16,311.30","18,942.05","2,127,996","31,984,948,450"
2018-10-30,"14,419","14,927","14,419","14,835","15,167.60","16,436.05","18,995.19","2,235,871","32,983,287,550"
2018-10-29,"14,835","15,204","14,604","14,650","15,389.40","16,577.00","19,052.19","2,219,499","32,950,222,200"
2018-10-26,"15,574","15,667","14,835","15,020","15,823.80","16,748.00","19,113.81","2,352,440","35,580,859,600"
2018-10-25,"15,343","15,667","15,112","15,435","16,128.80","16,875.05","19,172.72","3,241,902","49,754,971,500"
2018-10-24,"16,267","16,360","15,851","15,898","16,406.20","16,979.05","19,234.35","3,196,501","51,162,865,900"
2018-10-23,"16,637","16,729","15,851","15,944","16,572.40","17,062.20","19,292.50","4,103,505","65,864,886,700"
2018-10-22,"16,452","16,914","16,452","16,822","16,720.20","17,173.10","19,351.43","1,144,005","19,156,001,550"
2018-10-19,"16,729","16,729","16,452","16,545","16,618.60","17,242.40","19,404.58","1,652,091","27,363,385,250"
2018-10-18,"16,868","16,914","16,591","16,822","16,683.20","17,344.05","19,462.34","815,732","13,662,876,500"
2018-10-17,"16,914","17,192","16,545","16,729","16,526.00","17,438.80","19,522.81","1,642,385","27,565,792,500"
2018-10-16,"16,360","16,868","16,360","16,683","16,489.20","17,542.80","19,581.73","1,209,653","20,222,259,100"
2018-10-15,"16,822","16,868","16,267","16,314","16,581.60","17,639.85","19,634.88","1,464,108","24,082,289,400"
2018-10-12,"16,036","16,961","16,036","16,868","16,766.40","17,803.90","19,691.11","2,769,700","46,110,909,050"
2018-10-11,"15,898","16,637","15,851","16,036","16,905.00","17,933.30","19,743.88","3,777,973","61,396,786,172"
2018-10-10,"17,192","17,238","16,498","16,545","17,274.80","18,122.80","19,801.65","3,021,125","50,550,638,850"
2018-10-08,"17,053","17,423","17,007","17,145","17,515.00","18,314.60","19,857.49","1,218,927","20,978,515,900"
2018-10-05,"17,377","17,515","16,914","17,238","17,616.80","18,446.35","19,911.42","1,981,232","33,989,020,100"
2018-10-04,"17,885","17,931","17,423","17,561","17,783.20","18,564.20","19,957.25","1,370,452","24,099,141,800"
2018-10-02,"17,746","18,116","17,700","17,885","17,783.20","18,668.20","20,003.08","1,815,034","32,485,239,750"
2018-10-01,"17,608","17,746","17,284","17,746","17,709.20","18,753.70","20,043.91","1,553,175","27,269,799,500"
2018-09-28,"18,116","18,162","17,469","17,654","17,672.20","18,857.70","20,090.90","2,068,604","36,793,372,350"
2018-09-27,"17,885","18,116","17,839","18,070","17,773.80","18,959.35","20,141.73","2,622,733","47,191,087,000"
2018-09-21,"17,746","17,792","17,515","17,561","17,801.40","19,033.30","20,192.57","1,702,767","29,963,225,450"
2018-09-20,"17,515","17,839","17,377","17,515","18,004.80","19,146.55","20,245.33","2,623,452","46,119,334,700"
2018-09-19,"18,208","18,301","17,377","17,561","18,245.20","19,292.15","20,298.48","4,024,030","70,972,616,100"
2018-09-18,"18,024","18,255","17,931","18,162","18,494.80","19,444.70","20,350.09","1,626,153","29,467,744,400"
2018-09-17,"18,671","18,717","17,839","18,208","18,587.20","19,611.10","20,400.16","3,725,464","67,581,645,350"
2018-09-14,"18,855","19,086","18,486","18,578","18,864.60","19,756.70","20,450.62","2,407,232","45,048,532,150"
2018-09-13,"18,809","19,086","18,717","18,717","19,040.20","19,865.30","20,504.92","1,745,065","32,917,464,400"
2018-09-12,"18,671","18,855","18,532","18,809","19,262.00","19,966.95","20,559.60","1,738,599","32,526,664,650"
2018-09-11,"19,595","19,641","18,578","18,624","19,576.40","20,038.60","20,614.29","3,837,096","72,429,597,900"
2018-09-10,"19,502","19,595","19,225","19,595","19,807.60","20,103.30","20,672.83","1,519,029","29,529,221,100"
2018-09-07,"19,826","19,872","19,318","19,456","19,807.60","20,147.20","20,726.75","2,389,997","46,618,615,900"
2018-09-06,"20,381","20,427","19,826","19,826","19,844.60","20,174.95","20,780.67","2,359,586","47,290,900,750"
2018-09-05,"19,918","20,704","19,780","20,381","19,798.40","20,181.90","20,832.28","3,626,589","73,856,904,200"
2018-09-04,"19,687","19,826","19,595","19,780","19,687.40","20,207.30","20,882.72","938,073","18,495,898,500"
2018-09-03,"19,687","19,872","19,549","19,595","19,668.80","20,244.25","20,938.18","1,070,810","21,114,442,100"
2018-08-31,"19,687","20,057","19,502","19,641","19,659.60","20,267.35","20,989.79","2,052,143","40,378,438,500"
2018-08-30,"19,826","19,965","19,502","19,595","19,696.60","20,290.45","21,042.17","1,513,632","29,723,582,650"
2018-08-29,"19,872","19,965","19,733","19,826","19,863.00","20,311.25","21,091.85","1,841,477","36,542,449,800"
2018-08-28,"19,780","19,965","19,595","19,687","20,020.20","20,302.00","21,146.54","2,474,574","48,856,789,250"
2018-08-27,"19,826","20,196","19,179","19,549","20,380.80","20,299.70","21,205.47","4,177,131","81,591,596,600"
2018-08-24,"20,334","20,334","19,549","19,826","20,695.00","20,306.60","21,267.86","3,530,674","69,963,499,500"
2018-08-23,"20,612","20,796","20,149","20,427","20,879.80","20,299.65","21,332.56","2,049,366","41,764,392,200"
2018-08-22,"21,397","21,397","20,473","20,612","20,944.40","20,223.40","21,392.25","3,526,992","73,244,055,050"
2018-08-21,"21,397","21,536","21,028","21,490","20,870.40","20,184.10","21,450.78","2,839,905","60,493,427,600"
2018-08-20,"21,028","21,397","20,981","21,120","20,556.00","20,087.05","21,502.39","3,198,208","67,989,418,050"
2018-08-17,"20,704","20,935","20,381","20,750","20,426.60","20,043.15","21,559.01","1,927,430","40,019,543,350"
2018-08-16,"20,381","20,981","20,103","20,750","20,278.80","19,994.65","21,622.94","3,157,382","65,223,737,550"
2018-08-14,"20,057","20,427","20,011","20,242","20,121.80","19,895.30","21,684.95","1,701,002","34,487,788,600"
2018-08-13,"20,427","20,473","19,410","19,918","20,251.20","19,823.65","21,750.42","1,927,143","38,227,601,150"
2018-08-10,"20,057","20,843","20,057","20,473","20,371.40","19,745.10","21,817.05","2,420,551","49,625,092,450"
2018-08-09,"20,149","20,427","19,872","20,011","20,288.20","19,627.25","21,881.75","2,407,334","48,340,032,700"
2018-08-08,"20,889","20,981","19,918","19,965","20,306.60","19,530.20","21,944.91","4,471,447","91,301,691,350"
2018-08-07,"20,750","21,351","20,704","20,889","20,315.80","19,442.35","22,011.15","4,073,530","85,708,909,050"
2018-08-06,"20,057","20,612","19,965","20,519","20,066.20","19,303.70","22,068.15","1,775,020","36,099,004,500"
2018-08-03,"20,242","20,242","19,872","20,057","19,890.60","19,148.90","22,126.69","1,072,760","21,448,732,700"
2018-08-02,"20,381","20,473","19,826","20,103","19,816.60","18,977.90","22,194.09","1,636,196","32,932,823,050"
2018-08-01,"19,687","20,288","19,687","20,011","19,733.40","18,816.15","22,263.42","1,994,822","40,006,701,150"
2018-07-31,"19,502","19,872","19,225","19,641","19,511.60","18,652.05","22,338.90","1,765,116","34,547,386,000"
2018-07-30,"19,595","19,965","19,502","19,641","19,548.60","18,490.30","22,419.01","916,244","18,057,460,150"
2018-07-27,"19,918","19,918","19,502","19,687","19,530.20","18,347.05","22,503.35","1,139,739","22,437,684,800"
2018-07-26,"18,902","19,826","18,763","19,687","19,641.20","18,208.40","22,590.01","4,079,277","79,348,371,700"
2018-07-25,"19,826","20,381","18,393","18,902","19,659.80","18,032.80","22,680.52","4,921,379","94,138,370,750"
2018-07-24,"19,687","20,011","19,225","19,826","19,632.00","17,933.40","22,773.33","2,580,552","50,715,490,250"
2018-07-23,"20,288","20,288","19,456","19,549","19,428.60","17,783.20","22,861.91","2,408,650","47,515,776,900"
2018-07-20,"20,011","20,519","19,872","20,242","19,188.20","17,674.60","22,955.11","5,524,326","111,773,294,600"
2018-07-19,"18,809","19,965","18,671","19,780","18,763.00","17,540.55","23,037.14","4,418,601","85,888,146,950"
2018-07-18,"18,902","19,179","18,717","18,763","18,421.00","17,427.30","23,109.16","2,271,029","43,044,471,550"
2018-07-17,"18,393","18,948","18,208","18,809","18,310.00","17,394.95","23,187.34","2,626,083","49,250,753,100"
2018-07-16,"18,347","18,671","18,347","18,347","18,171.40","17,367.25","23,267.83","1,658,583","30,661,125,250"
2018-07-13,"18,162","18,255","17,885","18,116","17,986.60","17,388.05","23,357.57","1,834,257","33,163,364,854"
2018-07-12,"18,070","18,116","17,561","18,070","17,690.80","17,462.00","23,445.38","3,021,852","53,979,413,300"
2018-07-11,"18,855","18,855","18,116","18,208","17,450.40","17,582.15","23,518.16","5,003,360","92,391,390,100"
2018-07-10,"17,469","18,301","17,284","18,116","17,154.60","17,711.55","23,589.41","4,967,803","89,337,127,400"
2018-07-09,"16,776","17,561","16,683","17,423","16,812.60","17,834.00","23,668.36","3,219,799","55,529,345,350"
2018-07-06,"17,099","17,330","16,360","16,637","16,683.20","17,995.75","23,752.70","3,535,636","59,246,218,900"
2018-07-05,"16,729","17,145","16,452","16,868","16,738.60","18,192.15","23,845.13","1,859,641","31,229,105,900"
2018-07-04,"16,267","17,007","16,267","16,729","16,600.00","18,395.50","23,936.79","2,130,963","35,694,124,502"
2018-07-03,"16,914","17,007","16,175","16,406","16,637.00","18,626.60","24,028.46","2,249,331","37,132,611,850"
2018-07-02,"17,007","17,284","16,683","16,776","16,720.20","18,869.25","24,124.74","2,846,758","48,064,072,450"
2018-06-29,"16,683","17,099","16,452","16,914","16,840.40","19,056.40","24,222.18","4,819,705","80,830,624,300"
2018-06-28,"16,683","16,776","16,082","16,175","16,969.80","19,248.20","24,311.14","3,426,273","55,760,374,550"
2018-06-27,"16,822","17,377","16,729","16,914","17,237.80","19,509.30","24,406.65","2,654,632","45,222,441,200"
2018-06-26,"17,053","17,053","16,406","16,822","17,478.20","19,680.30","24,494.85","5,312,894","88,669,923,300"
2018-06-25,"17,561","17,608","17,284","17,377","17,764.80","19,858.25","24,581.50","2,233,782","38,899,327,300"
2018-06-22,"17,145","17,792","17,145","17,561","18,042.00","20,024.60","24,667.77","3,705,323","64,551,009,600"
2018-06-21,"17,931","18,208","17,423","17,515","18,448.80","20,195.60","24,748.65","3,830,678","67,635,486,650"
2018-06-20,"18,116","18,439","17,839","18,116","19,040.40","20,359.65","24,830.30","3,032,887","54,832,857,700"
2018-06-19,"18,624","18,902","18,116","18,255","19,576.40","20,505.25","24,905.78","3,148,821","58,048,759,250"
2018-06-18,"19,410","19,549","18,486","18,763","20,038.40","20,653.10","24,982.42","4,624,098","86,909,628,750"
2018-06-15,"20,473","20,519","19,502","19,595","20,417.40","20,775.55","25,060.21","4,537,381","89,770,830,760"
2018-06-14,"20,981","21,028","20,334","20,473","20,611.40","20,865.65","25,127.22","2,485,061","50,986,007,950"
2018-06-12,"20,704","20,843","20,565","20,796","20,703.80","20,918.80","25,186.53","2,164,475","44,737,411,900"
2018-06-11,"20,750","20,750","20,427","20,565","20,814.80","20,955.80","25,244.30","1,716,645","35,251,929,850"
2018-06-08,"20,658","20,889","20,519","20,658","20,953.60","20,962.75","25,301.30","1,836,229","37,950,406,200"
2018-06-07,"20,889","21,028","20,519","20,565","20,925.80","20,969.65","25,357.53","2,524,345","52,147,130,804"
2018-06-05,"21,166","21,212","20,796","20,935","20,962.80","20,974.30","25,416.45","2,208,577","46,216,295,100"
2018-06-04,"21,490","21,906","21,259","21,351","21,055.20","20,983.55","25,473.83","2,275,006","48,995,952,050"
2018-06-01,"20,658","21,351","20,473","21,259","20,851.80","20,997.40","25,531.60","2,413,028","50,722,789,350"
2018-05-31,"20,935","20,981","20,473","20,519","20,676.20","21,015.85","25,590.53","2,302,618","47,528,395,194"
2018-05-30,"21,212","21,259","20,704","20,750","20,713.20","21,073.65","25,649.07","2,945,564","61,386,129,910"
2018-05-29,"20,381","21,536","20,334","21,397","20,759.40","21,138.35","25,714.16","4,858,345","103,291,948,700"
2018-05-28,"20,427","20,519","20,057","20,334","20,639.20","21,173.00","25,773.47","1,726,948","34,851,462,350"
2018-05-25,"20,658","20,750","20,288","20,381","20,778.00","21,297.80","25,841.25","1,990,032","40,725,050,450"
2018-05-24,"21,028","21,028","20,658","20,704","20,944.20","21,422.55","25,909.03","1,171,504","24,300,910,650"
2018-05-23,"20,658","21,259","20,658","20,981","21,045.80","21,538.10","25,977.58","2,202,578","46,303,466,950"
2018-05-21,"21,028","21,074","20,658","20,796","21,129.00","21,649.05","26,044.21","1,126,616","23,427,353,900"
2018-05-18,"21,074","21,259","20,796","21,028","21,277.00","21,783.10","26,115.85","1,659,935","34,738,261,600"
2018-05-17,"21,351","21,582","21,120","21,212","21,378.60","21,935.60","26,184.78","1,421,531","30,319,446,750"
2018-05-16,"21,259","21,305","20,889","21,212","21,277.00","22,065.00","26,238.32","1,500,523","31,610,863,900"
2018-05-15,"21,675","21,906","21,351","21,397","21,193.80","22,157.45","26,293.01","1,742,428","37,571,191,800"
2018-05-14,"21,628","22,090","21,443","21,536","21,046.00","22,240.65","26,340.77","2,139,444","46,526,925,400"
2018-05-11,"20,843","21,675","20,796","21,536","20,962.80","22,323.85","26,386.60","2,534,512","53,990,395,350"
2018-05-10,"20,750","21,259","20,565","20,704","20,981.20","22,395.50","26,432.82","2,310,540","48,137,262,700"
2018-05-09,"20,473","20,889","20,381","20,796","21,166.00","22,522.60","26,489.82","2,349,086","48,452,117,400"
2018-05-08,"21,028","21,305","20,612","20,658","21,341.80","22,663.60","26,549.13","3,641,388","76,047,887,900"
2018-05-04,"21,536","21,628","20,981","21,120","21,619.00","22,767.60","26,607.28","3,737,178","79,175,099,050"
2018-05-03,"21,675","21,952","21,582","21,628","21,813.00","22,864.65","26,655.81","2,482,257","53,876,108,800"
2018-05-02,"21,675","21,998","21,582","21,628","22,053.40","22,922.45","26,703.18","2,574,671","56,000,221,300"
2018-04-30,"21,998","21,998","21,351","21,675","22,303.00","23,010.30","26,750.18","3,074,003","66,472,434,750"
2018-04-27,"21,998","22,414","21,998","22,044","22,571.00","23,114.25","26,797.93","3,274,189","72,579,806,250"
2018-04-26,"22,784","22,830","21,859","22,090","22,802.20","23,220.55","26,842.60","4,729,286","104,323,151,650"
2018-04-25,"22,691","23,246","22,460","22,830","23,079.60","23,310.70","26,885.74","2,322,008","53,169,717,100"
2018-04-24,"22,922","23,107","22,784","22,876","23,329.20","23,363.85","26,921.18","1,357,906","31,119,334,800"
2018-04-23,"23,015","23,246","22,830","23,015","23,514.00","23,407.75","26,957.77","1,608,436","37,048,715,800"
2018-04-20,"23,385","23,477","23,107","23,200","23,523.20","23,465.50","26,992.43","1,623,325","37,763,047,350"
2018-04-19,"24,078","24,124","23,477","23,477","23,495.40","23,518.65","27,021.69","2,373,242","56,150,947,700"
2018-04-18,"24,032","24,216","23,800","24,078","23,440.00","23,599.50","27,052.88","2,639,945","63,420,345,050"
2018-04-17,"23,200","23,939","23,153","23,800","23,218.20","23,659.55","27,078.68","2,484,529","59,037,091,650"
2018-04-16,"23,015","23,292","22,969","23,061","23,107.40","23,738.15","27,109.11","909,686","21,017,121,500"
2018-04-13,"23,477","23,708","23,015","23,061","23,218.40","23,867.55","27,151.86","1,231,365","28,604,744,600"
2018-04-12,"22,876","23,431","22,830","23,200","23,153.80","24,017.75","27,183.83","2,236,533","51,900,094,950"
2018-04-11,"23,200","23,200","22,876","22,969","23,126.00","24,154.05","27,213.09","1,803,262","41,462,018,450"
2018-04-10,"23,292","23,523","22,922","23,246","23,089.00","24,306.55","27,245.44","2,353,611","54,692,937,800"
2018-04-09,"22,876","23,800","22,876","23,616","23,116.80","24,466.00","27,278.95","2,722,248","63,930,518,900"
2018-04-06,"22,922","22,922","22,645","22,738","23,144.40","24,606.95","27,305.52","1,735,246","39,484,597,000"
2018-04-05,"22,876","23,385","22,830","23,061","23,430.80","24,759.45","27,337.09","1,995,151","46,165,528,350"
2018-04-04,"23,292","23,385","22,691","22,784","23,597.20","24,902.70","27,377.92","3,511,003","80,669,668,100"
2018-04-03,"23,200","23,569","23,107","23,385","23,819.00","25,041.35","27,418.35","2,191,747","51,187,948,950"
2018-04-02,"24,078","24,078","23,569","23,754","23,892.80","25,191.55","27,458.78","2,168,701","51,411,833,250"
2018-03-30,"24,263","24,632","23,939","24,170","23,976.00","25,341.75","27,494.98","3,016,227","73,187,344,550"
2018-03-29,"23,708","23,893","23,523","23,893","23,994.60","25,485.05","27,528.88","1,657,872","39,329,659,700"
2018-03-28,"23,569","24,124","23,569","23,893","24,234.80","25,669.90","27,564.69","2,423,342","57,887,313,650"
2018-03-27,"24,032","24,170","23,477","23,754","24,512.00","25,854.75","27,602.43","5,040,153","119,449,141,100"
2018-03-26,"24,078","24,494","23,985","24,170","24,835.60","26,048.85","27,641.33","2,302,879","55,603,566,500"
2018-03-23,"24,632","24,725","24,124","24,263","25,131.40","26,224.50","27,681.78","3,026,885","73,985,149,750"
2018-03-22,"25,464","25,603","24,956","25,094","25,491.80","26,407.05","27,722.59","2,926,506","73,549,568,650"
2018-03-21,"25,372","25,695","25,279","25,279","25,658.20","26,573.45","27,762.27","1,821,261","46,339,916,900"
2018-03-20,"25,557","25,603","25,141","25,372","25,806.20","26,719.05","27,813.49","2,726,577","68,924,653,708"
2018-03-19,"26,019","26,065","25,649","25,649","26,018.80","26,855.35","27,862.40","1,884,085","48,560,573,100"
2018-03-16,"26,065","26,111","25,880","26,065","26,176.00","26,968.60","27,909.00","1,391,250","36,132,349,050"
2018-03-15,"26,065","26,250","25,880","25,926","26,120.60","27,077.20","27,945.20","1,704,266","44,278,614,600"
2018-03-14,"26,250","26,296","25,834","26,019","26,120.60","27,160.40","27,978.71","2,068,367","53,742,336,750"
2018-03-13,"26,435","26,620","26,204","26,435","26,028.20","27,255.15","28,007.59","1,665,208","43,986,341,400"
2018-03-12,"26,065","26,804","26,019","26,435","26,019.00","27,319.85","28,030.70","3,517,921","93,254,116,145"
2018-03-09,"25,926","26,157","25,742","25,788","26,083.60","27,375.30","28,056.50","2,340,690","60,664,879,050"
2018-03-08,"25,603","25,926","25,279","25,926","26,333.20","27,493.15","28,085.38","2,663,529","68,324,670,350"
2018-03-07,"26,389","26,435","25,557","25,557","26,666.00","27,617.95","28,117.35","3,332,489","86,142,502,550"
2018-03-06,"26,943","26,989","26,204","26,389","27,072.60","27,793.55","28,137.38","3,053,705","80,773,815,300"
2018-03-05,"27,082","27,128","26,573","26,758","27,322.00","27,936.80","28,154.32","1,469,954","39,403,462,650"
2018-03-02,"27,220","27,313","26,897","27,036","27,507.00","28,087.00","28,171.27","2,316,388","62,704,087,150"
2018-02-28,"27,498","27,729","27,498","27,590","27,682.60","28,239.50","28,183.98","1,341,257","37,007,550,900"
2018-02-27,"27,867","28,191","27,590","27,590","27,849.00","28,387.40","28,187.44","1,737,728","48,328,559,600"
2018-02-26,"27,775","28,006","27,544","27,636","27,969.20","28,509.90","28,192.45","1,746,077","48,368,519,300"
2018-02-23,"27,914","28,052","27,636","27,683","28,061.60","28,650.85","28,200.93","2,032,317","56,510,606,600"
2018-02-22,"28,330","28,561","27,636","27,914","28,107.80","28,803.35","28,204.38","1,600,261","44,864,306,900"
2018-02-21,"28,422","28,699","28,098","28,422","28,172.40","28,911.95","28,212.08","1,782,733","50,786,093,000"
2018-02-20,"28,098","28,422","27,914","28,191","28,006.00","28,911.95","28,214.78","1,163,875","32,796,709,500"
2018-02-19,"28,422","28,561","27,867","28,098","27,950.60","28,909.65","28,219.41","1,606,130","45,105,906,150"
2018-02-14,"28,468","28,699","27,729","27,914","27,876.80","28,928.15","28,218.64","1,468,514","41,360,558,500"
2018-02-13,"27,821","28,930","27,590","28,237","27,802.80","28,988.20","28,219.79","3,196,926","90,883,182,150"
2018-02-12,"27,914","28,006","27,451","27,590","27,784.40","29,009.00","28,212.48","1,413,544","39,058,871,150"
2018-02-09,"27,267","28,145","27,128","27,914","27,950.80","28,969.70","28,212.86","2,607,075","71,916,425,100"
2018-02-08,"27,683","28,052","27,590","27,729","28,181.80","28,911.90","28,211.32","1,742,074","48,416,019,350"
2018-02-07,"28,653","28,699","27,544","27,544","28,486.80","28,904.95","28,206.31","2,953,192","82,930,071,600"
2018-02-06,"27,498","28,330","27,498","28,145","28,930.40","28,904.95","28,207.08","3,251,154","90,595,342,350"
2018-02-05,"28,561","28,884","28,376","28,422","29,318.60","28,884.15","28,208.62","2,249,070","64,268,363,800"
2018-02-02,"29,254","29,670","28,792","29,069","29,743.80","28,856.40","28,210.93","3,021,400","88,106,810,934"
2018-02-01,"29,577","29,624","29,023","29,254","29,938.00","28,789.40","28,206.30","3,554,349","103,718,607,150"
2018-01-31,"29,993","30,224","29,485","29,762","30,178.20","28,724.70","28,202.07","3,170,769","94,277,016,850"
2018-01-30,"30,548","30,640","29,947","30,086","30,372.40","28,660.00","28,199.76","2,246,678","67,721,938,250"
2018-01-29,"30,363","30,871","30,178","30,548","30,372.40","28,535.20","28,190.52","2,512,374","76,686,176,050"
2018-01-26,"30,455","30,594","29,716","30,040","29,947.20","28,389.60","28,179.73","3,476,833","104,368,503,300"
2018-01-25,"30,733","30,871","30,086","30,455","29,568.20","28,262.50","28,166.63","3,802,290","115,553,689,950"
2018-01-24,"30,548","31,149","30,271","30,733","29,170.80","28,100.75","28,157.39","8,156,094","250,559,037,900"
2018-01-23,"27,960","30,224","27,821","30,086","28,847.20","27,950.55","28,150.84","10,767,893","317,389,226,900"
2018-01-22,"28,191","28,699","27,821","28,422","28,560.60","27,809.60","28,152.77","3,176,256","89,952,444,650"
2018-01-19,"28,468","28,792","27,914","28,145","28,237.00","27,754.15","28,172.03","3,052,867","85,962,281,900"
2018-01-18,"29,254","29,485","28,330","28,468","27,959.60","27,705.60","28,200.91","4,737,194","136,409,309,050"
2018-01-17,"28,746","29,300","28,330","29,115","27,784.00","27,654.75","28,227.87","6,744,682","194,916,650,400"
2018-01-16,"26,897","28,746","26,804","28,653","27,469.80","27,603.90","28,272.93","8,711,179","244,000,343,100"
2018-01-15,"26,666","26,851","26,296","26,804","27,285.00","27,553.05","28,313.75","2,973,054","79,212,373,000"
2018-01-12,"27,498","27,544","26,573","26,758","27,497.60","27,592.35","28,368.06","5,099,657","137,102,275,750"
2018-01-11,"27,544","27,775","27,405","27,590","27,691.80","27,640.90","28,421.98","2,114,665","58,318,928,550"
2018-01-10,"27,867","27,914","27,313","27,544","27,765.80","27,631.65","28,474.74","2,945,779","80,982,624,450"
2018-01-09,"27,914","28,237","27,636","27,729","27,950.60","27,624.70","28,525.19","2,906,025","80,977,948,550"
2018-01-08,"28,052","28,145","27,683","27,867","27,922.80","27,620.05","28,579.11","2,342,407","65,249,350,900"
2018-01-05,"28,052","28,145","27,544","27,729","27,876.60","27,617.75","28,621.86","2,942,928","81,621,450,700"
2018-01-04,"28,653","28,838","27,914","27,960","27,830.40","27,645.45","28,671.93","3,484,384","98,605,179,450"
2018-01-03,"27,683","28,607","27,590","28,468","27,682.40","27,663.95","28,730.08","5,106,738","144,715,361,100"
2018-01-02,"27,775","27,867","27,405","27,590","27,534.60","27,617.75","28,792.47","1,892,978","52,307,578,650"
2017-12-28,"27,729","27,914","27,451","27,636","27,470.00","27,666.30","28,859.09","1,731,488","47,922,294,577"
2017-12-27,"27,590","27,914","27,451","27,498","27,405.40","27,710.20","28,910.32","2,337,913","64,550,609,650"
2017-12-26,"27,960","28,330","27,220","27,220","27,340.60","27,758.70","28,966.93","5,145,461","143,408,853,200"
2017-12-22,"27,405","27,867","27,128","27,729","27,386.80","27,823.40","29,029.32","2,529,036","69,569,316,200"
2017-12-21,"27,220","27,498","27,128","27,267","27,460.60","27,883.45","29,085.16","1,942,209","53,091,757,350"
2017-12-20,"27,220","27,544","26,989","27,313","27,534.40","27,968.95","29,151.01","1,994,912","54,455,054,300"
2017-12-19,"27,451","27,498","27,174","27,174","27,589.80","28,072.95","29,206.08","2,580,946","70,427,732,350"
2017-12-18,"27,914","28,145","27,313","27,451","27,700.80","28,179.25","29,260.78","2,646,544","72,942,503,950"
2017-12-15,"27,775","28,098","27,775","28,098","27,691.60","28,188.50","29,312.38","2,022,779","56,544,091,100"
2017-12-14,"27,775","28,237","27,544","27,636","27,553.00","28,172.35","29,360.53","4,398,028","122,518,338,750"
2017-12-13,"27,867","27,914","27,451","27,590","27,553.00","28,146.95","29,414.45","2,237,228","61,801,894,750"
2017-12-12,"27,636","28,237","27,544","27,729","27,599.20","28,119.25","29,471.45","2,644,083","73,677,603,900"
2017-12-11,"27,451","27,590","27,220","27,405","27,710.00","28,086.90","29,528.45","1,578,789","43,301,392,750"
2017-12-08,"27,729","28,098","27,359","27,405","27,895.00","28,093.85","29,593.93","2,480,139","68,568,642,150"
2017-12-07,"27,683","27,867","27,313","27,636","27,922.80","28,119.30","29,652.47","2,867,702","79,113,041,700"
2017-12-06,"28,330","28,561","27,775","27,821","28,107.80","28,119.30","29,711.78","3,352,855","94,251,280,150"
2017-12-05,"28,237","28,468","27,914","28,283","28,246.40","28,075.40","29,748.76","2,902,598","81,879,430,500"
2017-12-04,"27,544","28,422","27,267","28,330","28,283.40","28,026.90","29,795.75","4,209,241","117,160,956,250"
2017-12-01,"28,607","28,699","27,359","27,544","28,320.20","27,973.75","29,840.81","4,988,080","139,544,529,050"
2017-11-30,"28,468","28,884","28,145","28,561","28,597.40","27,966.80","29,883.94","3,388,355","96,602,287,650"
2017-11-29,"28,376","28,653","27,960","28,514","28,680.60","27,909.00","29,907.43","3,571,911","100,984,226,200"
2017-11-28,"28,422","28,977","28,098","28,468","28,856.40","27,846.65","29,926.31","3,355,205","95,768,676,750"
2017-11-27,"28,930","28,977","28,283","28,514","29,022.80","27,777.35","29,940.18","2,851,339","81,316,682,600"
2017-11-24,"28,746","29,624","28,746","28,930","28,847.20","27,715.00","29,953.66","2,882,140","84,068,513,200"
2017-11-23,"29,393","29,485","28,746","28,977","28,616.20","27,627.20","29,959.44","2,736,983","79,404,905,550"
2017-11-22,"29,762","29,947","29,023","29,393","28,246.40","27,513.95","29,950.58","5,387,241","159,038,165,500"
2017-11-21,"27,821","29,439","27,775","29,300","27,775.00","27,405.30","29,937.10","10,001,320","289,652,046,750"
2017-11-20,"27,960","28,052","27,544","27,636","27,331.40","27,299.00","29,915.15","2,051,685","56,979,262,100"
2017-11-17,"27,359","27,960","27,174","27,775","27,313.00","27,289.75","29,908.99","3,758,569","103,973,572,550"
2017-11-16,"27,174","27,451","26,943","27,128","27,340.80","27,310.55","29,901.68","2,067,730","56,160,079,300"
2017-11-15,"27,082","27,313","26,804","27,036","27,442.40","27,299.00","29,900.91","2,621,804","70,843,272,650"
2017-11-14,"27,590","27,636","26,989","27,082","27,423.80","27,282.80","29,902.44","2,976,716","80,827,255,300"
2017-11-13,"28,237","28,283","27,405","27,544","27,470.00","27,271.25","29,903.98","3,204,201","88,983,311,800"
2017-11-10,"27,683","28,006","27,313","27,914","27,414.60","27,257.40","29,898.59","2,962,410","82,038,734,550"
2017-11-09,"27,128","27,683","26,943","27,636","27,312.80","27,201.90","29,887.81","3,959,816","108,489,023,000"
2017-11-08,"27,313","27,544","26,897","26,943","27,266.60","27,146.45","29,879.34","3,057,502","82,761,970,900"
2017-11-07,"27,313","27,590","27,174","27,313","27,331.40","27,197.30","29,878.58","2,061,528","56,332,552,600"
2017-11-06,"27,498","27,636","27,174","27,267","27,285.20","27,213.45","29,879.73","2,447,303","66,907,611,400"
2017-11-03,"27,451","27,729","27,267","27,405","27,285.20","27,261.95","29,882.80","2,092,317","57,362,838,050"
2017-11-02,"27,451","28,052","27,359","27,405","27,239.00","27,296.60","29,888.58","3,795,947","105,141,264,950"
2017-11-01,"26,989","27,544","26,989","27,267","27,100.40","27,338.20","29,891.28","2,620,174","71,394,794,350"
2017-10-31,"27,359","27,451","26,897","27,082","27,091.00","27,384.40","29,892.04","2,959,538","80,211,715,800"
2017-10-30,"27,683","27,729","27,174","27,267","27,109.40","27,451.40","29,892.81","2,514,349","68,882,820,750"
2017-10-27,"26,851","27,451","26,851","27,174","27,146.20","27,509.15","29,895.50","3,476,524","94,570,105,800"
2017-10-26,"27,174","27,267","26,712","26,712","27,349.60","27,601.60","29,910.91","3,699,237","99,279,180,200"
2017-10-25,"27,729","28,191","27,082","27,220","27,386.60","27,724.05","29,928.63","4,604,427","126,905,564,800"
2017-10-24,"27,498","27,498","26,943","27,174","27,285.00","27,855.80","29,934.41","2,516,915","68,412,145,950"
2017-10-23,"28,237","28,237","27,359","27,451","27,220.40","28,068.40","29,938.26","3,352,720","92,928,993,250"
2017-10-20,"26,943","28,237","26,943","28,191","27,183.60","28,257.90","29,939.03","5,452,348","151,831,269,750"
2017-10-19,"26,804","27,128","26,712","26,897","26,906.20","28,410.40","29,939.80","1,892,983","50,977,413,100"
2017-10-18,"26,851","27,220","26,527","26,712","26,832.20","28,586.00","29,953.28","2,249,072","60,463,279,800"
2017-10-17,"27,313","27,498","26,804","26,851","27,081.80","28,747.75","29,967.91","2,687,811","72,718,061,350"
2017-10-16,"26,943","27,451","26,804","27,267","27,238.80","28,879.45","29,979.08","3,795,045","103,214,112,500"
2017-10-13,"26,389","26,804","25,742","26,804","27,432.80","28,976.50","29,989.86","6,286,180","165,287,853,800"
2017-10-12,"27,636","27,914","26,527","26,527","27,691.60","29,112.85","30,000.64","8,144,208","219,055,694,700"
2017-10-11,"27,544","28,191","27,498","27,960","28,033.60","29,249.20","30,017.20","2,992,768","83,501,329,100"
2017-10-10,"28,283","28,330","27,405","27,636","28,079.80","29,339.30","30,016.04","4,918,413","136,121,776,650"
2017-09-29,"28,237","28,376","27,914","28,237","28,237.00","29,355.50","30,015.66","2,630,487","73,920,610,200"
2017-09-28,"28,468","28,514","28,006","28,098","28,274.00","29,364.75","30,009.88","2,043,919","57,659,052,300"
2017-09-27,"28,283","28,561","27,960","28,237","28,459.00","29,399.45","30,009.50","2,589,753","73,079,164,000"
2017-09-26,"28,422","28,699","28,145","28,191","28,643.80","29,415.65","30,006.42","2,852,084","80,868,796,600"
2017-09-25,"28,422","29,023","28,006","28,422","28,976.60","29,406.40","30,004.49","3,135,892","89,244,360,650"
2017-09-22,"29,069","29,346","28,376","28,422","29,577.40","29,394.85","30,000.64","3,559,519","102,061,199,850"
2017-09-21,"29,393","29,624","28,838","29,023","30,141.20","29,406.40","29,995.63","2,778,078","81,201,982,500"
2017-09-20,"29,762","30,317","28,977","29,161","30,584.80","29,360.15","29,988.32","6,065,958","178,914,321,700"
2017-09-19,"31,287","31,287","29,577","29,855","30,834.40","29,344.00","29,970.22","8,881,783","267,770,715,100"
2017-09-18,"31,241","31,703","31,102","31,426","30,852.80","29,288.55","29,944.79","3,569,658","111,988,237,450"
2017-09-15,"31,010","31,842","30,825","31,241","30,464.60","29,154.55","29,909.36","4,763,355","149,317,899,950"
2017-09-14,"30,687","31,472","30,687","31,241","30,058.00","28,992.80","29,874.70","5,486,628","171,346,285,600"
2017-09-13,"30,224","30,733","30,040","30,409","29,716.00","28,833.35","29,841.58","5,537,215","168,817,883,050"
2017-09-12,"29,855","30,178","29,531","29,947","29,485.00","28,680.85","29,810.78","3,726,317","111,281,172,000"
2017-09-11,"29,485","29,947","29,393","29,485","29,448.00","28,565.30","29,777.27","2,810,762","83,225,351,850"
2017-09-08,"29,762","29,808","29,023","29,208","29,143.00","28,477.50","29,747.23","2,544,702","74,568,985,250"
2017-09-07,"29,485","30,132","29,254","29,531","28,985.80","28,373.50","29,721.03","4,474,394","132,762,005,885"
2017-09-06,"29,762","29,993","29,069","29,254","28,838.00","28,278.75","29,689.46","6,339,218","187,432,635,850"
2017-09-05,"28,098","29,762","28,052","29,762","28,699.40","28,232.55","29,663.27","6,914,414","202,282,829,650"
2017-09-04,"27,683","28,191","27,590","27,960","28,348.20","28,179.40","29,630.92","1,754,036","49,033,939,850"
2017-09-01,"28,977","29,069","28,376","28,422","28,394.40","28,207.10","29,612.82","1,835,582","52,473,547,100"
2017-08-31,"28,838","29,023","28,653","28,792","28,440.60","28,223.30","29,595.10","1,907,282","54,994,999,900"
2017-08-30,"28,191","28,653","28,052","28,561","28,301.80","28,257.95","29,573.92","2,529,894","71,937,696,500"
2017-08-29,"27,821","28,145","27,729","28,006","28,357.20","28,278.75","29,556.20","2,051,739","57,280,488,450"
2017-08-28,"28,607","28,746","28,098","28,191","28,505.20","28,341.15","29,537.72","1,962,186","55,560,701,000"
2017-08-25,"28,422","28,746","28,191","28,653","28,616.20","28,355.00","29,518.84","2,267,610","64,701,243,900"
2017-08-24,"28,792","28,838","28,006","28,098","28,486.80","28,389.65","29,493.43","2,978,661","84,329,755,300"
2017-08-23,"28,699","29,254","28,699","28,838","28,477.60","28,482.10","29,470.33","2,607,563","75,516,268,900"
2017-08-22,"28,884","29,023","28,422","28,746","28,181.80","28,556.05","29,440.28","2,074,355","59,483,095,200"
2017-08-21,"28,237","28,792","27,821","28,746","27,959.80","28,655.40","29,413.71","2,805,042","79,614,254,500"
2017-08-18,"27,775","28,376","27,498","28,006","27,756.40","28,798.65","29,394.07","2,232,147","62,407,526,200"
2017-08-17,"27,544","28,191","27,405","28,052","27,580.80","28,983.50","29,379.82","2,891,497","80,844,906,550"
2017-08-16,"27,729","27,821","27,174","27,359","27,497.60","29,307.00","29,367.11","2,848,416","77,933,704,300"
2017-08-14,"28,006","28,098","27,544","27,636","27,691.80","29,616.65","29,355.56","2,530,432","70,151,085,200"
2017-08-11,"26,758","27,867","26,527","27,729","27,904.40","29,900.90","29,344.01","4,886,204","133,659,694,600"
2017-08-10,"27,636","27,867","26,897","27,128","28,061.40","30,175.85","29,330.14","4,535,720","123,721,100,650"
2017-08-09,"27,914","28,052","27,498","27,636","28,385.00","30,515.55","29,318.59","4,004,611","110,863,515,700"
2017-08-08,"28,746","28,838","28,098","28,330","28,754.80","30,813.65","29,307.43","2,844,324","80,731,147,000"
2017-08-07,"28,561","28,977","28,561","28,699","28,884.20","31,107.10","29,287.39","1,719,784","49,506,180,600"
2017-08-04,"28,746","28,884","28,237","28,514","28,995.20","31,322.00","29,272.76","2,699,901","77,052,328,350"
2017-08-03,"29,393","29,577","28,514","28,746","28,986.00","31,583.15","29,261.21","3,519,118","101,271,956,350"
2017-08-02,"29,439","30,132","29,346","29,485","29,106.00","31,892.75","29,248.49","5,178,334","153,868,729,950"
2017-08-01,"29,439","29,439","28,699","28,977","29,198.40","32,216.25","29,225.38","3,704,939","107,701,297,550"
2017-07-31,"28,468","29,346","28,468","29,254","29,466.40","32,546.65","29,207.28","4,220,275","122,560,354,950"
2017-07-28,"29,855","29,947","28,422","28,468","29,762.20","32,773.10","29,191.10","7,086,973","205,837,681,850"
2017-07-27,"29,716","30,132","29,254","29,346","30,390.80","33,064.25","29,186.48","6,016,568","177,780,740,400"
2017-07-26,"30,640","30,779","29,393","29,947","30,862.20","33,332.30","29,181.09","7,331,523","219,118,168,950"
2017-07-25,"30,871","31,195","30,178","30,317","31,777.20","33,556.45","29,167.62","5,668,737","173,323,594,900"
2017-07-24,"31,611","31,796","30,502","30,733","32,424.20","33,799.05","29,147.98","7,083,879","218,448,529,050"
2017-07-21,"32,027","32,350","31,426","31,611","32,941.80","33,958.50","29,126.02","6,874,890","219,560,684,800"
2017-07-20,"34,060","34,107","31,611","31,703","33,265.20","34,064.80","29,107.14","15,020,416","484,157,396,200"
2017-07-19,"33,783","34,846","33,737","34,522","33,709.00","34,161.85","29,093.28","3,466,579","119,411,275,600"
2017-07-18,"33,367","34,060","33,275","33,552","33,524.20","34,129.50","29,052.47","2,448,299","82,228,454,700"
2017-07-17,"33,459","33,598","32,859","33,321","33,653.60","34,157.25","29,013.57","2,540,939","84,085,370,300"
2017-07-14,"34,107","34,199","33,044","33,228","33,588.80","34,212.70","28,978.90","3,405,588","113,631,511,250"
2017-07-13,"34,107","34,615","33,875","33,922","33,690.60","34,279.75","28,942.32","2,689,772","91,869,262,150"
2017-07-12,"34,522","34,800","33,598","33,598","33,893.80","34,346.75","28,897.25","2,209,437","75,296,978,500"
2017-07-11,"33,228","34,291","32,812","34,199","34,365.20","34,388.35","28,863.36","3,295,360","110,764,353,750"
2017-07-10,"33,922","34,291","32,812","32,997","34,642.40","34,416.10","28,824.84","3,696,247","123,967,128,300"
2017-07-07,"34,476","34,661","33,552","33,737","34,799.60","34,379.15","28,797.12","3,733,500","127,170,609,750"
2017-07-06,"36,048","36,048","34,800","34,938","34,910.40","34,388.40","28,759.38","4,127,368","145,434,066,450"
2017-07-05,"36,094","36,602","35,447","35,955","34,864.20","34,328.35","28,715.48","5,335,580","192,301,090,000"
2017-07-04,"33,829","35,724","33,829","35,585","34,559.20","34,166.60","28,659.63","5,159,394","181,579,638,700"
2017-07-03,"34,476","34,800","33,506","33,783","34,476.00","33,956.35","28,605.72","1,888,008","64,302,658,700"
2017-06-30,"34,014","34,846","33,829","34,291","34,503.80","33,806.15","28,566.43","2,428,946","83,132,850,100"
2017-06-29,"35,123","35,354","34,522","34,707","34,393.00","33,598.20","28,525.23","2,546,170","88,792,499,600"
2017-06-28,"34,754","35,724","34,199","34,430","34,180.40","33,369.45","28,475.93","3,968,063","138,832,455,500"
2017-06-27,"34,153","35,770","34,060","35,169","34,069.40","33,129.15","28,431.26","5,111,674","179,161,234,000"
2017-06-26,"33,737","34,430","33,598","33,922","33,857.00","32,766.40","28,383.13","2,446,399","82,863,276,150"
2017-06-23,"33,737","33,922","32,720","33,737","33,958.60","32,459.05","28,342.30","3,450,122","114,758,133,850"
2017-06-22,"34,199","34,430","33,459","33,644","34,125.00","32,105.50","28,307.63","2,564,022","86,846,202,300"
2017-06-21,"33,506","34,014","32,997","33,875","34,448.60","31,768.15","28,268.35","3,267,212","109,234,339,850"
2017-06-20,"35,031","35,262","33,275","34,107","34,559.60","31,419.25","28,227.92","4,524,571","154,338,524,000"
2017-06-19,"34,569","35,493","34,199","34,430","34,689.00","31,065.70","28,186.32","3,250,181","112,751,669,200"
2017-06-16,"34,985","36,140","34,569","34,569","34,254.60","30,705.20","28,134.71","3,539,520","124,254,414,450"
2017-06-15,"34,569","35,262","33,691","35,262","34,125.20","30,340.10","28,081.56","4,571,861","158,093,573,350"
2017-06-14,"35,401","35,401","34,199","34,430","33,820.20","29,921.85","28,025.72","4,924,878","170,929,326,550"
2017-06-13,"32,350","34,846","32,304","34,754","33,478.20","29,531.35","27,977.19","6,361,365","216,017,134,900"
2017-06-12,"33,275","33,644","32,073","32,258","32,803.40","29,124.65","27,920.96","5,788,923","188,921,010,900"
2017-06-09,"33,968","34,014","32,951","33,922","32,507.60","28,854.30","27,885.91","4,125,812","138,077,435,650"
2017-06-08,"33,367","34,014","33,044","33,737","31,749.60","28,530.75","27,830.83","5,859,178","196,801,654,950"
2017-06-07,"31,750","33,228","31,611","32,720","31,028.60","28,225.70","27,783.46","5,273,836","171,024,977,100"
2017-06-05,"31,010","31,703","30,409","31,380","30,409.40","27,994.60","27,744.18","3,911,403","122,096,851,850"
2017-06-02,"30,409","30,964","30,040","30,779","29,716.20","27,812.05","27,712.59","3,591,092","109,458,223,250"
2017-06-01,"30,086","30,317","29,670","30,132","29,115.40","27,641.05","27,680.24","3,126,054","93,981,037,050"
2017-05-31,"29,855","30,409","29,300","30,132","28,422.20","27,493.15","27,643.27","5,677,979","170,099,258,350"
2017-05-30,"28,283","29,762","28,191","29,624","27,775.20","27,366.05","27,607.07","8,492,526","247,734,555,600"
2017-05-29,"28,098","28,191","27,729","27,914","27,229.80","27,336.00","27,578.95","3,376,546","94,402,653,550"
2017-05-26,"26,804","27,867","26,758","27,775","27,054.20","27,382.20","27,562.00","5,737,966","158,226,304,550"
2017-05-25,"26,897","26,989","26,573","26,666","26,943.20","27,389.15","27,547.37","2,152,565","57,551,019,200"
2017-05-24,"26,851","27,128","26,666","26,897","27,063.40","27,437.65","27,544.67","1,763,285","47,366,239,250"
2017-05-23,"27,128","27,174","26,804","26,897","27,063.40","27,470.00","27,539.28","1,789,815","48,165,301,350"
2017-05-22,"27,359","27,405","26,804","27,036","27,008.00","27,539.30","27,534.65","1,774,229","47,808,386,300"
2017-05-19,"27,220","27,267","26,943","27,220","26,924.80","27,613.20","27,530.79","1,487,144","40,377,164,750"
2017-05-18,"26,620","27,359","26,527","27,267","26,851.00","27,675.60","27,521.55","2,570,153","69,943,500,400"
2017-05-17,"26,712","26,989","26,620","26,897","26,887.80","27,721.80","27,509.23","2,033,749","54,595,781,950"
2017-05-16,"26,804","26,851","26,527","26,620","27,035.60","27,805.00","27,504.60","2,430,787","64,733,231,318"
2017-05-15,"26,897","26,943","26,111","26,620","27,331.20","27,878.90","27,496.89","3,332,236","88,085,138,500"
2017-05-12,"27,405","27,636","26,758","26,851","27,553.00","27,973.60","27,487.26","3,615,879","97,743,371,300"
2017-05-11,"27,821","27,867","27,313","27,451","27,654.60","28,022.10","27,467.62","2,815,742","77,444,389,300"
2017-05-10,"28,098","28,237","27,544","27,636","27,599.20","28,029.05","27,446.44","3,394,552","94,535,027,800"
2017-05-08,"27,775","28,283","27,683","28,098","27,590.00","28,024.45","27,423.33","2,590,667","72,273,256,500"
2017-05-04,"27,405","27,914","27,405","27,729","27,775.00","28,022.15","27,398.69","2,004,044","55,553,039,300"
2017-05-02,"27,405","27,821","27,359","27,359","27,996.80","28,029.05","27,369.42","2,826,495","77,938,552,450"
2017-04-28,"27,359","27,821","26,851","27,174","28,107.80","28,059.10","27,352.86","4,914,782","133,307,305,214"
2017-04-27,"28,884","28,930","27,498","27,590","28,200.20","28,098.40","27,331.29","5,514,597","154,067,955,600"
2017-04-26,"29,393","29,531","28,838","29,023","28,191.00","28,109.95","27,307.80","3,571,669","104,139,080,050"
2017-04-25,"27,775","28,930","27,775","28,838","28,043.00","28,066.05","27,277.76","3,195,054","90,949,386,300"
2017-04-24,"27,683","27,914","27,544","27,914","27,978.20","27,973.60","27,249.64","1,315,697","36,525,633,250"
2017-04-21,"27,729","27,914","27,405","27,636","28,089.00","27,918.10","27,231.15","1,864,773","51,481,440,000"
2017-04-20,"28,283","28,561","27,359","27,544","28,200.00","27,895.00","27,211.13","3,292,778","91,135,163,350"
2017-04-19,"28,376","28,699","28,052","28,283","28,403.40","27,871.90","27,199.57","1,103,769","31,244,503,400"
2017-04-18,"28,746","28,977","28,283","28,514","28,366.40","27,821.10","27,191.87","1,474,326","42,170,888,950"
2017-04-17,"28,514","28,699","28,422","28,468","28,366.40","27,731.00","27,184.94","901,847","25,726,418,650"
2017-04-14,"28,422","28,607","28,052","28,191","28,237.00","27,603.90","27,177.24","794,100","22,437,180,250"
2017-04-13,"28,145","28,561","27,914","28,561","28,116.80","27,488.35","27,168.38","1,651,442","46,889,963,950"
2017-04-12,"28,514","28,514","27,775","28,098","27,913.40","27,363.55","27,149.89","1,606,247","45,095,628,700"
2017-04-11,"28,283","28,514","28,006","28,514","27,904.20","27,245.75","27,139.88","2,101,325","59,437,895,100"
2017-04-10,"28,330","28,422","27,636","27,821","27,774.80","27,125.60","27,123.33","1,817,350","50,859,916,100"
2017-04-07,"27,775","28,052","27,498","27,590","27,802.60","27,028.55","27,113.32","814,748","22,560,114,250"
2017-04-06,"27,775","27,960","27,267","27,544","27,876.60","26,938.45","27,111.39","1,738,164","47,844,478,200"
2017-04-05,"27,867","28,052","27,405","28,052","27,932.00","26,876.05","27,112.55","1,784,074","49,457,138,050"
2017-04-04,"27,960","28,330","27,729","27,867","27,950.60","26,785.95","27,104.47","1,033,533","28,861,787,500"
2017-04-03,"28,098","28,145","27,636","27,960","27,775.00","26,714.35","27,098.31","1,138,190","31,675,851,250"
2017-03-31,"28,006","28,052","27,729","27,960","27,543.80","26,605.75","27,092.92","1,289,253","35,959,342,200"
2017-03-30,"28,422","28,792","27,683","27,821","27,386.60","26,504.05","27,090.61","2,871,196","80,489,112,750"
2017-03-29,"27,359","28,191","27,220","28,145","27,238.80","26,393.15","27,087.14","3,486,346","97,067,742,750"
2017-03-28,"27,036","27,174","26,620","26,989","27,063.20","26,252.20","27,071.35","1,216,795","32,722,670,500"
2017-03-27,"27,405","27,729","26,712","26,804","27,007.80","26,164.40","27,067.12","1,493,093","40,495,463,500"
2017-03-24,"27,174","27,544","26,851","27,174","26,832.20","26,102.05","27,059.42","1,672,508","45,420,265,850"
2017-03-23,"27,498","27,775","27,082","27,082","26,573.40","26,062.80","27,049.41","2,730,560","75,038,753,890"
2017-03-22,"26,712","27,636","26,712","27,267","26,370.00","26,023.50","27,042.86","4,354,989","118,758,640,236"
2017-03-21,"26,111","26,758","26,019","26,712","26,065.00","25,986.50","27,035.15","2,966,399","78,762,791,300"
2017-03-20,"26,204","26,250","25,834","25,926","25,944.80","25,949.55","27,035.53","1,054,922","27,379,721,000"
2017-03-17,"26,019","26,157","25,742","25,880","25,935.60","25,965.75","27,039.78","1,943,160","50,338,190,025"
2017-03-16,"25,973","26,157","25,834","26,065","25,917.20","25,975.00","27,048.63","1,489,196","38,709,539,050"
2017-03-15,"25,880","26,065","25,695","25,742","25,963.40","25,958.85","27,056.33","1,313,461","33,909,119,500"
2017-03-14,"26,065","26,389","26,065","26,111","26,065.00","25,986.55","27,067.12","1,690,935","44,330,780,500"
2017-03-13,"25,788","26,019","25,649","25,880","26,129.80","25,977.30","27,067.50","1,059,377","27,398,868,800"
2017-03-10,"26,389","26,435","25,649","25,788","26,111.40","26,030.45","27,070.97","1,671,130","43,200,798,125"
2017-03-09,"26,435","26,573","26,111","26,296","26,139.00","26,097.45","27,070.97","1,128,499","29,686,989,850"
2017-03-08,"26,527","26,712","26,111","26,250","26,000.40","26,143.65","27,070.58","2,067,622","54,495,189,500"
2017-03-07,"25,834","26,435","25,649","26,435","25,815.60","26,166.75","27,077.90","2,334,628","61,343,446,050"
2017-03-06,"25,880","25,973","25,326","25,788","25,575.20","26,185.20","27,082.52","1,256,202","32,204,435,800"
2017-03-03,"25,557","25,973","25,372","25,926","25,529.00","26,261.45","27,104.08","1,880,480","48,444,085,450"
2017-03-02,"25,742","25,788","25,141","25,603","25,621.60","26,360.85","27,125.27","2,314,913","58,997,914,250"
2017-02-28,"25,418","25,557","25,094","25,326","25,760.20","26,515.65","27,149.53","2,109,619","53,496,917,300"
2017-02-27,"25,603","25,695","25,002","25,233","26,000.40","26,665.85","27,167.63","2,230,468","56,122,954,150"
2017-02-24,"26,481","26,481","25,464","25,557","26,148.40","26,802.20","27,185.73","2,605,392","67,101,407,950"
2017-02-23,"26,435","26,573","26,204","26,389","26,287.00","26,929.25","27,204.21","1,342,042","35,368,905,600"
2017-02-22,"26,712","26,758","26,111","26,296","26,222.20","27,077.10","27,224.62","1,686,643","44,546,647,850"
2017-02-21,"26,111","26,943","26,111","26,527","26,111.40","27,264.30","27,240.41","2,439,695","64,871,357,550"
2017-02-20,"26,296","26,342","25,880","25,973","26,065.20","27,419.15","27,254.28","1,332,771","34,650,230,550"
2017-02-17,"26,157","26,481","25,926","26,250","26,055.80","27,564.70","27,275.07","1,554,208","40,718,143,300"
2017-02-16,"25,742","26,250","25,603","26,065","26,194.40","27,710.25","27,298.18","1,466,690","38,163,045,900"
2017-02-15,"26,296","26,342","25,603","25,742","26,407.00","27,848.90","27,323.59","2,853,815","73,599,078,600"
2017-02-14,"25,973","26,435","25,926","26,296","26,702.60","27,987.50","27,356.71","1,853,184","48,574,561,250"
2017-02-13,"26,389","26,389","25,464","25,926","26,785.80","28,149.25","27,385.21","3,658,236","94,525,221,150"
2017-02-10,"27,359","27,451","26,943","26,943","26,961.40","28,331.80","27,407.55","1,182,656","32,129,453,750"
2017-02-09,"27,313","27,405","26,758","27,128","27,035.40","28,468.15","27,418.72","1,634,598","44,432,303,300"
2017-02-08,"26,804","27,267","26,481","27,220","27,192.60","28,572.15","27,427.19","2,184,888","58,943,318,650"
2017-02-07,"26,527","26,989","26,111","26,712","27,488.40","28,694.65","27,436.83","2,769,070","73,661,320,950"
2017-02-06,"27,544","27,590","26,666","26,804","27,812.00","28,821.75","27,452.62","2,313,469","62,279,517,728"
2017-02-03,"28,052","28,191","27,128","27,313","28,043.20","28,937.30","27,462.25","2,499,815","68,361,592,000"
2017-02-02,"28,653","28,699","27,729","27,914","28,200.20","29,025.10","27,476.12","1,897,007","53,112,770,450"
2017-02-01,"28,561","28,838","28,422","28,699","28,486.60","29,096.70","27,477.27","1,367,246","39,196,123,550"
2017-01-31,"28,191","28,653","28,145","28,330","28,754.80","29,101.35","27,477.66","2,012,239","57,181,815,250"
2017-01-26,"27,775","28,468","27,451","27,960","29,013.60","29,138.30","27,479.19","3,037,346","84,763,936,450"
2017-01-25,"29,577","29,762","28,052","28,098","29,198.40","29,209.95","27,482.28","3,938,188","112,320,079,500"
2017-01-24,"30,502","30,640","29,069","29,346","29,411.00","29,256.20","27,483.43","2,820,986","83,276,377,800"
2017-01-23,"29,855","30,271","29,670","30,040","29,309.40","29,267.75","27,482.28","1,745,137","52,431,387,200"
2017-01-20,"28,930","29,670","28,653","29,624","29,004.20","29,212.25","27,470.73","1,418,709","41,491,480,150"
2017-01-19,"29,161","29,393","28,468","28,884","28,985.60","29,182.20","27,459.94","1,271,203","36,601,908,301"
2017-01-18,"28,792","29,208","28,699","29,161","29,124.20","29,193.75","27,453.78","1,098,356","31,877,418,900"
2017-01-17,"28,653","29,023","28,561","28,838","29,226.00","29,147.55","27,436.08","963,398","27,740,829,500"
2017-01-16,"29,716","29,762","28,283","28,514","29,300.00","29,115.20","27,419.90","1,794,458","51,271,547,600"
2017-01-13,"29,393","29,577","29,115","29,531","29,531.20","29,117.55","27,414.13","1,180,431","34,653,404,450"
2017-01-12,"30,040","30,132","29,577","29,577","29,475.80","29,071.35","27,397.57","1,600,626","47,549,390,200"
2017-01-11,"29,393","29,855","29,115","29,670","29,383.40","28,992.80","27,379.85","2,028,366","60,005,701,600"
2017-01-10,"29,762","29,901","29,069","29,208","29,263.20","28,911.90","27,360.21","1,487,347","43,726,299,620"
2017-01-09,"29,393","29,808","29,300","29,670","29,290.80","28,817.15","27,338.25","1,803,753","53,490,014,650"
2017-01-06,"29,346","29,531","29,161","29,254","29,115.20","28,736.25","27,313.60","993,069","29,133,011,100"
2017-01-05,"29,161","29,300","28,746","29,115","29,078.20","28,673.85","27,289.33","1,137,404","33,008,399,750"
2017-01-04,"29,531","29,808","28,746","29,069","29,133.80","28,597.60","27,263.53","1,403,698","40,930,187,400"
2017-01-03,"28,930","29,485","28,884","29,346","29,124.60","28,489.00","27,241.20","1,460,967","42,718,072,700"
2017-01-02,"28,838","28,930","28,422","28,792","29,170.80","28,306.45","27,219.25","1,253,363","35,971,586,100"
2016-12-29,"29,069","29,208","28,699","29,069","29,198.40","28,156.25","27,201.53","915,658","26,515,176,450"
2016-12-28,"28,977","29,439","28,699","29,393","29,189.20","28,015.30","27,173.42","1,265,715","36,751,714,000"
2016-12-27,"29,577","29,670","28,838","29,023","29,133.60","27,839.65","27,134.13","1,166,194","33,928,599,550"
2016-12-26,"29,115","29,577","28,930","29,577","28,976.40","27,689.45","27,099.47","1,171,324","34,399,523,650"
2016-12-23,"29,208","29,300","28,514","28,930","28,699.20","27,527.70","27,059.42","1,268,110","36,448,149,600"
2016-12-22,"29,485","29,947","28,977","29,023","28,625.40","27,393.70","27,023.60","1,882,689","55,525,079,650"
2016-12-21,"28,422","29,485","28,376","29,115","28,542.20","27,259.65","26,985.08","1,896,901","55,259,993,650"
2016-12-20,"28,237","28,376","27,960","28,237","28,320.40","27,132.55","26,940.03","780,095","21,963,002,700"
2016-12-19,"28,838","28,884","28,052","28,191","28,283.40","27,026.25","26,897.66","1,047,741","29,656,205,500"
2016-12-16,"28,468","29,208","28,330","28,561","28,107.80","26,906.10","26,852.60","1,592,082","45,792,961,200"
2016-12-15,"28,098","28,838","27,960","28,607","28,006.00","26,795.15","26,804.08","1,765,635","50,416,068,950"
2016-12-14,"28,746","28,930","27,821","28,006","27,885.80","26,649.55","26,760.56","1,782,198","50,293,075,600"
2016-12-13,"27,498","28,191","27,313","28,052","27,802.60","26,522.45","26,723.20","2,055,334","57,530,730,200"
2016-12-12,"28,098","28,376","27,128","27,313","27,571.60","26,344.55","26,683.15","1,491,361","41,096,811,750"
2016-12-09,"28,006","28,191","27,729","28,052","27,248.00","26,224.40","26,646.95","943,856","26,377,056,950"
2016-12-08,"28,006","28,422","27,729","28,006","26,795.20","26,064.95","26,599.58","1,336,716","37,492,281,050"
2016-12-07,"27,359","27,867","27,313","27,590","26,444.00","25,921.70","26,551.83","1,780,084","49,251,554,000"
2016-12-06,"26,157","27,036","25,880","26,897","26,102.00","25,753.00","26,510.23","1,460,122","39,012,300,000"
2016-12-05,"25,418","25,880","25,372","25,695","25,926.40","25,676.75","26,467.87","482,650","12,381,718,650"
2016-12-02,"25,973","26,111","25,233","25,788","26,055.80","25,621.30","26,438.98","872,533","22,473,442,350"
2016-12-01,"25,880","26,573","25,603","26,250","26,148.20","25,570.45","26,409.33","971,575","25,460,394,350"
2016-11-30,"26,157","26,296","25,510","25,880","26,166.60","25,528.85","26,375.82","1,460,491","37,827,904,800"
2016-11-29,"26,065","26,620","25,973","26,019","26,305.20","25,508.05","26,349.63","825,577","21,642,900,100"
2016-11-28,"26,296","26,804","25,926","26,342","26,323.60","25,491.85","26,322.68","868,554","23,008,044,500"
2016-11-25,"26,620","26,712","26,204","26,250","26,212.80","25,436.40","26,289.18","611,773","16,125,624,200"
2016-11-24,"26,573","26,943","25,926","26,342","26,231.20","25,431.75","26,265.30","668,488","17,682,469,600"
2016-11-23,"26,250","27,036","26,157","26,573","26,101.80","25,482.60","26,242.19","1,245,812","33,260,631,250"
2016-11-22,"25,834","26,342","25,788","26,111","25,880.00","25,538.10","26,219.48","1,056,660","27,597,189,600"
2016-11-21,"26,389","26,389","25,695","25,788","25,556.60","25,609.75","26,199.83","545,170","14,098,163,200"
2016-11-18,"25,880","26,527","25,834","26,342","25,381.00","25,676.75","26,183.66","1,215,425","31,890,380,850"
2016-11-17,"25,695","26,342","25,695","25,695","25,085.20","25,676.75","26,161.33","1,886,578","49,271,157,950"
2016-11-16,"25,048","26,019","25,048","25,464","24,974.40","25,736.85","26,148.23","2,157,750","55,245,988,300"
2016-11-15,"25,326","25,418","24,494","24,494","24,724.80","25,790.00","26,133.22","842,522","20,844,797,850"
2016-11-14,"25,094","25,603","24,863","24,910","24,900.40","25,896.30","26,125.13","916,841","23,146,014,850"
2016-11-11,"24,771","25,279","24,216","24,863","24,835.60","26,018.75","26,113.95","1,260,775","31,258,778,750"
2016-11-10,"24,771","25,510","24,679","25,141","24,817.20","26,159.75","26,095.47","1,400,093","35,160,548,500"
2016-11-09,"25,557","25,880","23,800","24,216","24,872.60","26,256.80","26,077.75","2,273,216","56,071,594,000"
2016-11-08,"24,956","25,510","24,817","25,372","25,122.20","26,402.40","26,063.89","1,288,590","32,519,939,000"
2016-11-07,"24,956","25,048","24,447","24,586","25,186.80","26,499.45","26,040.78","1,150,547","28,366,351,250"
2016-11-04,"25,418","25,464","24,586","24,771","25,316.20","26,654.30","26,024.99","1,375,376","34,075,959,000"
2016-11-03,"25,048","25,603","25,048","25,418","25,593.40","26,786.00","26,013.83","850,526","21,575,508,102"
2016-11-02,"25,418","25,742","25,233","25,464","25,981.60","26,827.60","25,990.72","750,165","19,089,537,050"
2016-11-01,"25,326","26,019","25,279","25,695","26,425.40","26,878.45","25,966.46","1,152,688","29,649,769,250"
2016-10-31,"26,111","26,389","25,141","25,233","26,795.20","26,887.70","25,936.42","2,426,317","61,558,430,350"
2016-10-28,"27,220","27,451","25,834","26,157","27,174.20","26,924.70","25,912.93","2,373,690","62,428,296,850"
2016-10-27,"27,729","27,914","27,313","27,359","27,211.20","26,931.65","25,882.89","614,746","16,909,545,400"
2016-10-26,"27,451","27,683","27,082","27,683","27,118.80","26,880.80","25,839.38","1,231,117","33,794,178,000"
2016-10-25,"27,036","27,636","26,712","27,544","26,887.60","26,834.55","25,792.77","1,163,878","31,879,221,600"
2016-10-24,"26,342","27,128","26,204","27,128","26,702.80","26,779.10","25,746.93","774,090","20,780,434,800"
2016-10-21,"26,897","26,943","26,342","26,342","26,749.00","26,769.85","25,712.66","993,622","26,301,753,150"
2016-10-20,"26,573","27,128","26,573","26,897","27,017.20","26,802.20","25,692.63","587,794","15,813,605,400"
2016-10-19,"26,804","27,036","26,481","26,527","27,054.20","26,809.15","25,666.06","822,957","22,031,049,600"
2016-10-18,"27,036","27,220","26,481","26,620","27,174.40","26,790.65","25,644.49","1,297,788","34,712,859,500"
2016-10-17,"27,729","27,821","27,174","27,359","27,313.00","26,774.45","25,625.23","604,835","16,594,331,600"
2016-10-14,"27,128","27,729","27,082","27,683","27,377.80","26,695.90","25,592.88","895,293","24,688,436,400"
2016-10-13,"27,082","27,636","27,036","27,082","27,322.20","26,624.25","25,555.13","974,033","26,570,594,600"
2016-10-12,"27,359","27,867","26,989","27,128","27,155.80","26,626.55","25,522.39","995,678","27,188,925,000"
2016-10-11,"27,914","27,914","27,174","27,313","27,026.40","26,619.60","25,489.27","1,029,173","28,245,567,900"
2016-10-10,"27,590","27,867","27,220","27,683","26,739.80","26,672.75","25,468.47","1,312,964","36,317,293,950"
2016-10-07,"26,204","27,544","26,111","27,405","26,397.80","26,712.00","25,448.43","2,231,617","60,418,763,250"
2016-10-06,"26,897","26,989","26,065","26,250","26,176.00","26,767.45","25,430.72","1,642,799","43,718,846,750"
2016-10-05,"25,742","26,712","25,649","26,481","26,194.40","26,829.85","25,423.02","1,157,485","30,557,950,150"
2016-10-04,"26,250","26,527","25,742","25,880","26,249.80","26,876.05","25,410.31","890,326","23,194,197,550"
2016-09-30,"26,111","26,204","25,742","25,973","26,360.80","26,970.80","25,394.13","878,896","22,789,796,150"
2016-09-29,"26,573","26,989","26,204","26,296","26,554.80","27,114.05","25,380.65","824,829","21,822,708,650"
2016-09-28,"26,712","26,897","26,250","26,342","26,693.40","27,208.80","25,364.86","968,261","25,588,511,500"
2016-09-27,"26,342","26,804","26,111","26,758","26,832.20","27,301.25","25,348.30","954,978","25,383,767,500"
2016-09-26,"26,804","26,804","26,296","26,435","26,712.00","27,386.75","25,330.20","712,214","18,836,756,550"
2016-09-23,"27,498","27,498","26,712","26,943","26,684.20","27,516.15","25,314.41","841,254","22,661,838,500"
2016-09-22,"26,943","27,359","26,897","26,989","26,453.20","27,624.75","25,287.83","1,031,312","27,996,336,100"
2016-09-21,"26,666","27,220","26,620","27,036","26,305.40","27,761.10","25,255.10","1,515,629","40,926,634,300"
2016-09-20,"26,342","26,481","25,788","26,157","26,323.80","27,895.10","25,226.60","1,071,829","27,893,750,100"
2016-09-19,"26,065","26,712","26,065","26,296","26,490.20","28,017.60","25,212.74","1,185,114","31,325,946,600"
2016-09-13,"26,481","26,804","25,603","25,788","26,906.20","28,116.95","25,201.19","1,750,380","45,468,705,550"
2016-09-12,"26,620","27,082","26,157","26,250","27,442.20","28,234.80","25,189.63","1,828,411","48,765,542,550"
2016-09-09,"26,804","27,313","26,250","27,128","27,895.00","28,341.10","25,163.83","1,903,615","51,224,681,550"
2016-09-08,"28,330","28,330","26,989","26,989","27,969.00","28,415.05","25,127.63","2,017,302","55,090,854,400"
2016-09-07,"28,376","28,607","28,191","28,376","28,052.20","28,463.60","25,092.97","876,295","24,912,377,400"
2016-09-06,"28,653","28,977","28,330","28,468","27,932.00","28,493.65","25,045.21","725,786","20,723,089,500"
2016-09-05,"27,683","28,607","27,683","28,514","28,006.00","28,472.85","25,000.53","1,166,010","33,138,706,150"
2016-09-02,"27,405","27,636","26,527","27,498","27,941.40","28,484.45","24,953.17","1,717,598","46,490,721,950"
2016-09-01,"27,729","27,729","27,220","27,405","28,080.00","28,535.25","24,916.58","1,174,377","32,250,235,550"
2016-08-31,"28,468","28,653","27,451","27,775","28,292.60","28,581.50","24,876.91","2,159,817","60,085,021,500"
2016-08-30,"28,237","28,838","28,237","28,838","28,542.20","28,604.60","24,831.85","925,138","26,509,199,450"
2016-08-29,"28,052","28,422","27,867","28,191","28,597.60","28,623.10","24,781.78","704,432","19,800,704,350"
2016-08-26,"28,422","28,422","27,960","28,191","28,902.60","28,646.20","24,730.18","1,028,740","28,898,855,300"
2016-08-25,"29,023","29,023","28,052","28,468","29,207.60","28,653.15","24,680.11","1,391,840","39,433,119,550"
2016-08-24,"29,115","29,208","28,607","29,023","29,235.40","28,637.00","24,629.66","871,288","25,132,741,400"
2016-08-23,"29,762","29,808","28,884","29,115","29,087.40","28,537.65","24,579.21","1,163,607","33,825,039,650"
2016-08-22,"29,808","29,901","29,393","29,716","28,893.40","28,426.75","24,525.29","963,706","28,622,427,200"
2016-08-19,"28,930","29,901","28,930","29,716","28,625.40","28,332.00","24,465.98","2,699,896","80,035,623,750"
2016-08-18,"28,330","28,838","28,237","28,607","28,403.60","28,223.40","24,399.36","915,626","26,188,805,900"
2016-08-17,"28,145","28,283","27,960","28,283","28,274.20","28,165.60","24,346.21","880,322","24,738,842,450"
2016-08-16,"28,838","28,838","28,006","28,145","28,413.00","28,117.10","24,289.98","1,277,646","36,144,808,300"
2016-08-12,"28,468","28,746","28,006","28,376","28,394.40","28,038.50","24,235.29","1,126,912","31,907,814,100"
2016-08-11,"28,098","28,607","28,052","28,607","28,468.40","27,955.30","24,175.98","1,061,213","30,130,848,500"
2016-08-10,"28,653","28,930","27,867","27,960","28,449.80","27,842.05","24,110.89","1,512,791","42,644,665,900"
2016-08-09,"27,960","29,069","27,775","28,977","28,523.80","27,745.00","24,046.19","1,144,091","32,653,640,600"
2016-08-08,"28,977","28,977","27,821","28,052","28,375.80","27,615.60","23,971.48","1,765,960","49,468,260,100"
2016-08-05,"28,884","28,977","28,561","28,746","28,607.00","27,548.60","23,903.31","1,000,192","28,720,733,100"
2016-08-04,"28,468","28,977","28,191","28,514","28,588.40","27,444.60","23,827.43","760,080","21,624,428,100"
2016-08-03,"27,914","28,838","27,683","28,330","28,551.60","27,303.65","23,751.18","1,343,649","38,115,880,000"
2016-08-02,"28,607","28,746","27,960","28,237","28,514.60","27,121.10","23,680.70","1,432,443","40,431,099,700"
2016-08-01,"29,069","29,208","28,653","29,208","28,274.40","26,952.40","23,610.23","1,418,288","41,190,611,150"
2016-07-29,"28,422","29,023","27,914","28,653","27,812.20","26,730.55","23,532.04","2,062,343","59,128,086,684"
2016-07-28,"28,653","29,023","27,775","28,330","27,645.80","26,529.50","23,464.64","2,560,736","72,499,330,550"
2016-07-27,"27,220","28,191","26,804","28,145","27,488.60","26,333.05","23,402.25","1,960,654","54,294,345,150"
2016-07-26,"26,989","27,267","26,666","27,036","27,349.80","26,111.20","23,336.39","1,081,682","29,191,927,450"
2016-07-25,"27,683","27,775","26,897","26,897","27,405.20","25,917.05","23,282.08","1,110,215","30,193,809,250"
2016-07-22,"27,729","27,821","27,359","27,821","27,340.40","25,711.40","23,233.56","1,166,120","32,235,395,850"
2016-07-21,"27,498","27,867","27,313","27,544","27,118.60","25,457.25","23,169.63","1,502,765","41,559,405,960"
2016-07-20,"27,451","27,590","26,897","27,451","26,878.20","25,249.30","23,108.78","1,251,622","34,100,421,200"
2016-07-19,"26,989","27,451","26,897","27,313","26,591.80","25,052.90","23,049.08","2,018,818","54,951,376,750"
2016-07-18,"26,804","26,989","26,342","26,573","26,407.00","24,849.55","22,987.08","809,457","21,594,184,850"
2016-07-15,"26,481","26,943","26,342","26,712","26,434.80","24,669.35","22,928.93","1,235,508","32,967,483,400"
2016-07-14,"26,250","26,666","26,204","26,342","26,425.60","24,452.15","22,875.78","1,306,980","34,437,506,050"
2016-07-13,"26,481","26,712","26,019","26,019","26,296.20","24,248.80","22,828.03","1,449,172","38,086,539,500"
2016-07-12,"26,758","26,758","26,111","26,389","26,028.20","24,077.80","22,787.97","1,009,555","26,552,716,900"
2016-07-11,"26,851","26,897","26,065","26,712","25,723.00","23,849.00","22,745.22","1,541,431","40,836,032,100"
2016-07-08,"25,695","26,712","25,603","26,666","25,334.80","23,624.85","22,694.38","2,821,739","74,521,856,150"
2016-07-07,"25,002","25,695","24,910","25,695","24,928.00","23,403.00","22,643.16","2,125,063","54,135,960,450"
2016-07-06,"24,817","25,048","24,586","24,679","24,669.20","23,229.70","22,598.48","999,976","24,744,063,800"
2016-07-05,"24,771","24,956","24,309","24,863","24,475.00","23,132.65","22,565.74","717,992","17,678,503,700"
2016-07-04,"24,679","25,279","24,679","24,771","24,133.00","23,028.70","22,532.63","2,100,758","52,753,624,750"
2016-07-01,"24,494","24,863","24,170","24,632","23,735.60","22,906.25","22,504.13","1,538,820","37,926,793,300"
2016-06-30,"24,263","24,679","24,032","24,401","23,356.80","22,843.90","22,482.18","2,482,426","60,494,712,400"
2016-06-29,"23,477","23,893","23,292","23,708","23,153.60","22,802.30","22,462.92","1,208,193","28,643,969,600"
2016-06-28,"22,506","23,246","22,506","23,153","23,116.60","22,809.25","22,454.44","800,301","18,405,509,200"
2016-06-27,"22,322","22,830","22,322","22,784","23,135.20","22,839.30","22,448.67","826,972","18,711,581,350"
2016-06-24,"23,569","23,569","21,859","22,738","23,172.20","22,892.45","22,448.28","2,185,084","49,551,238,400"
2016-06-23,"23,477","23,523","23,107","23,385","23,098.20","22,938.65","22,452.90","643,526","14,982,694,400"
2016-06-22,"23,292","23,708","23,061","23,523","22,876.20","22,975.60","22,456.36","1,149,906","27,080,959,950"
2016-06-21,"22,876","23,246","22,553","23,246","22,691.40","22,982.55","22,459.83","1,306,291","30,077,833,050"
2016-06-20,"22,738","23,061","22,553","22,969","22,404.80","22,996.40","22,460.59","912,531","20,919,191,900"
2016-06-17,"22,368","22,645","22,322","22,368","22,256.80","23,026.40","22,453.27","701,310","15,767,822,000"
2016-06-16,"22,738","22,784","22,275","22,275","22,229.00","23,040.25","22,457.50","693,171","15,541,792,650"
2016-06-15,"21,952","22,784","21,906","22,599","22,219.80","23,077.25","22,461.74","1,631,634","36,700,395,150"
2016-06-14,"21,952","22,183","21,767","21,813","22,247.60","23,074.95","22,462.13","1,079,993","23,687,193,950"
2016-06-13,"22,183","22,322","21,952","22,229","22,441.80","23,114.25","22,465.21","742,422","16,459,130,450"
2016-06-10,"22,183","22,506","22,183","22,229","22,460.40","23,137.35","22,469.06","972,316","21,685,779,400"
2016-06-09,"22,738","22,738","22,137","22,229","22,691.60","23,197.45","22,476.76","2,124,347","47,461,397,250"
2016-06-08,"22,784","22,830","22,460","22,738","22,959.60","23,218.25","22,485.62","1,012,456","22,879,643,450"
2016-06-07,"22,368","22,784","22,322","22,784","23,181.40","23,209.00","22,492.54","1,689,149","38,105,725,650"
2016-06-03,"23,246","23,431","22,183","22,322","23,375.40","23,174.30","22,502.17","2,913,486","65,473,078,100"
2016-06-02,"23,662","23,708","23,246","23,385","23,680.40","23,178.90","22,514.48","902,208","21,115,605,900"
2016-06-01,"24,032","24,216","23,569","23,569","23,735.80","23,137.30","22,510.63","942,253","22,422,726,450"
2016-05-31,"23,662","23,985","23,477","23,847","23,846.80","23,065.70","22,506.78","1,318,173","31,376,577,864"
2016-05-30,"24,124","24,124","23,616","23,754","23,809.80","22,977.85","22,500.99","577,143","13,738,056,850"
2016-05-27,"23,523","23,985","23,477","23,847","23,763.60","22,892.35","22,498.68","687,903","16,346,946,300"
2016-05-26,"24,032","24,124","23,569","23,662","23,708.00","22,850.75","22,497.91","739,426","17,563,011,250"
2016-05-25,"23,985","24,124","23,754","24,124","23,504.60","22,864.60","22,494.44","1,223,293","29,353,437,100"
2016-05-24,"23,800","24,032","23,477","23,662","23,282.80","22,843.80","22,485.20","895,442","21,228,217,050"
2016-05-23,"23,662","23,800","23,338","23,523","23,061.00","22,857.65","22,469.41","708,539","16,714,184,150"
2016-05-20,"22,830","23,662","22,784","23,569","22,876.20","22,896.95","22,442.45","2,017,534","47,220,086,250"
2016-05-19,"23,015","23,153","22,460","22,645","22,700.60","22,892.35","22,419.73","862,593","19,572,338,050"
2016-05-18,"22,645","23,107","22,460","23,015","22,857.80","22,917.75","22,395.47","835,801","19,122,660,500"
2016-05-17,"22,830","23,107","22,460","22,553","22,783.80","22,924.65","22,363.88","679,559","15,447,204,450"
2016-05-16,"22,784","22,969","22,553","22,599","22,783.80","22,954.65","22,336.53","521,102","11,822,627,400"
2016-05-13,"23,200","23,246","22,506","22,691","22,682.00","23,065.55","22,306.88","1,526,258","34,804,499,550"
2016-05-12,"22,553","23,523","22,506","23,431","22,626.60","23,194.95","22,283.00","1,510,845","35,035,995,600"
2016-05-11,"22,645","22,922","22,460","22,645","22,451.00","23,287.35","22,256.04","1,027,591","23,292,721,000"
2016-05-10,"21,906","22,784","21,813","22,553","22,349.40","23,421.40","22,233.71","1,322,683","29,768,062,450"
2016-05-09,"22,368","22,691","21,767","22,090","22,256.80","23,541.55","22,214.83","1,230,550","27,170,110,800"
2016-05-04,"22,414","22,691","22,275","22,414","22,247.60","23,634.00","22,197.13","1,008,310","22,661,735,350"
2016-05-03,"22,183","22,784","22,183","22,553","22,367.80","23,731.05","22,178.25","1,494,588","33,611,956,300"
2016-05-02,"22,044","22,322","21,767","22,137","22,645.00","23,823.45","22,162.46","872,156","19,304,583,150"
2016-04-29,"21,906","22,275","21,675","22,090","22,959.20","23,934.35","22,147.05","1,538,931","33,953,193,600"
2016-04-28,"22,922","22,969","21,767","22,044","23,329.00","24,059.15","22,133.96","3,582,460","79,342,371,850"
2016-04-27,"23,800","24,447","23,015","23,015","23,782.00","24,183.95","22,118.17","2,200,995","51,658,534,000"
2016-04-26,"23,708","24,401","23,385","23,939","23,874.40","24,220.90","22,092.75","1,186,449","28,319,834,500"
2016-04-25,"24,032","24,216","23,616","23,708","23,717.20","24,177.00","22,060.78","726,243","17,382,456,450"
2016-04-22,"24,263","24,263","23,847","23,939","23,606.20","24,172.40","22,027.28","830,290","19,934,393,050"
2016-04-21,"23,847","24,309","23,800","24,309","23,449.00","24,200.15","21,995.69","2,285,522","55,199,442,600"
2016-04-20,"23,153","23,708","23,153","23,477","23,550.60","24,230.20","21,962.96","1,558,078","36,596,262,400"
2016-04-19,"23,431","23,616","23,107","23,153","23,911.00","24,276.40","21,937.54","1,365,290","31,784,468,350"
2016-04-18,"23,061","23,338","22,738","23,153","24,336.20","24,276.40","21,925.99","1,707,541","39,521,897,850"
2016-04-15,"23,847","23,847","22,738","23,153","24,770.80","24,257.95","21,913.68","6,718,710","156,264,511,400"
2016-04-14,"25,510","25,510","24,586","24,817","25,131.40","24,241.80","21,900.97","1,617,782","40,211,354,250"
2016-04-12,"25,279","25,695","25,141","25,279","24,955.80","24,133.20","21,877.48","705,898","17,948,389,800"
2016-04-11,"25,279","25,649","25,094","25,279","24,771.00","24,024.60","21,848.98","1,162,765","29,482,606,200"
2016-04-08,"24,910","25,372","24,401","25,326","24,595.40","23,902.15","21,822.40","2,473,020","61,744,031,350"
2016-04-07,"23,985","24,956","23,754","24,956","24,401.20","23,791.20","21,786.58","2,105,032","52,051,197,350"
2016-04-06,"24,078","24,263","23,847","23,939","24,327.20","23,675.65","21,755.78","1,111,315","26,673,878,550"
2016-04-05,"24,124","24,632","24,124","24,355","24,447.40","23,597.10","21,734.59","643,447","15,684,579,400"
2016-04-04,"24,447","24,771","24,170","24,401","24,327.20","23,520.85","21,709.18","910,075","22,299,839,500"
2016-04-01,"24,355","24,586","24,124","24,355","24,059.20","23,400.70","21,682.22","921,660","22,429,581,150"
2016-03-31,"24,956","24,956","24,216","24,586","23,911.40","23,292.10","21,654.88","2,115,386","51,839,240,200"
2016-03-30,"23,847","24,586","23,847","24,540","23,893.00","23,183.50","21,622.91","1,602,233","39,067,164,450"
2016-03-29,"23,338","23,893","23,246","23,754","23,967.00","23,104.95","21,591.71","1,575,557","37,203,502,100"
2016-03-28,"23,662","23,708","22,969","23,061","24,096.40","23,049.50","21,566.68","1,608,524","37,251,971,650"
2016-03-25,"24,494","24,586","23,616","23,616","24,114.80","23,026.40","21,548.96","1,869,206","44,550,218,700"
2016-03-24,"24,632","24,679","24,124","24,494","23,948.40","22,931.65","21,527.39","1,875,474","45,828,459,900"
2016-03-23,"24,355","25,002","24,170","24,910","23,615.60","22,818.40","21,496.97","2,676,566","66,232,196,850"
2016-03-22,"23,477","24,401","23,431","24,401","23,162.60","22,649.70","21,465.00","3,338,964","80,130,301,600"
2016-03-21,"23,061","23,523","23,015","23,153","22,903.80","22,508.75","21,440.35","1,791,779","41,697,409,850"
2016-03-18,"22,876","23,015","22,460","22,784","22,839.20","22,414.05","21,434.96","1,122,406","25,584,583,550"
2016-03-17,"22,691","23,107","22,553","22,830","22,903.80","22,314.65","21,434.96","948,715","21,733,934,700"
2016-03-16,"23,200","23,246","22,506","22,645","22,866.80","22,182.95","21,438.43","925,883","21,018,193,100"
2016-03-15,"23,061","23,246","22,876","23,107","22,811.40","22,051.25","21,442.66","1,307,704","30,180,618,500"
2016-03-14,"23,569","23,662","22,830","22,830","22,756.00","21,889.50","21,436.50","2,013,259","46,696,950,600"
2016-03-11,"22,645","23,200","22,599","23,107","22,589.60","21,730.05","21,434.19","2,141,216","49,259,258,800"
2016-03-10,"22,506","22,830","22,414","22,645","22,404.80","21,542.90","21,434.19","1,754,519","39,715,807,600"
2016-03-09,"22,922","22,969","22,090","22,368","22,358.60","21,404.25","21,441.13","1,755,364","39,163,776,300"
2016-03-08,"22,137","23,107","22,090","22,830","22,478.80","21,274.85","21,449.60","2,266,354","51,610,765,528"
2016-03-07,"22,090","22,275","21,767","21,998","22,441.80","21,124.65","21,453.07","1,222,880","26,890,897,700"
2016-03-04,"22,368","22,414","21,767","22,183","22,562.00","21,053.00","21,462.69","1,435,389","31,705,577,250"
2016-03-03,"23,200","23,200","22,229","22,414","22,469.60","20,986.00","21,468.85","1,741,512","39,263,830,600"
2016-03-02,"23,292","23,385","22,876","22,969","22,432.60","20,877.40","21,467.31","1,962,508","45,309,120,800"
2016-02-29,"22,830","23,061","22,368","22,645","22,146.00","20,754.90","21,451.90","1,696,987","38,558,825,522"
2016-02-26,"21,721","22,738","21,721","22,599","21,933.40","20,676.35","21,440.73","3,407,602","76,278,276,000"
2016-02-25,"22,414","22,691","21,443","21,721","21,665.40","20,553.85","21,429.95","2,117,451","46,506,335,000"
2016-02-24,"21,490","22,830","21,397","22,229","21,480.40","20,479.90","21,423.40","3,052,532","68,112,805,400"
2016-02-23,"21,721","21,721","21,305","21,536","21,073.80","20,382.85","21,407.61","1,182,035","25,494,979,500"
2016-02-22,"21,120","21,721","20,935","21,582","20,768.80","20,299.65","21,397.98","1,730,149","37,190,661,850"
2016-02-19,"21,028","21,582","20,981","21,259","20,426.80","20,200.30","21,383.35","2,764,069","58,800,871,350"
2016-02-18,"20,612","21,028","20,519","20,796","20,103.20","20,154.05","21,366.40","3,744,007","77,894,807,250"
2016-02-17,"20,057","20,565","20,057","20,196","19,816.80","20,144.85","21,356.01","2,601,155","52,962,059,550"
2016-02-16,"20,011","20,149","19,872","20,011","19,752.00","20,195.65","21,359.48","1,194,148","23,920,707,150"
2016-02-15,"19,826","20,057","19,595","19,872","19,705.80","20,258.05","21,364.87","1,090,328","21,632,378,800"
2016-02-12,"19,271","19,918","19,225","19,641","19,696.60","20,295.05","21,374.88","1,471,067","28,961,802,000"
2016-02-11,"19,410","19,687","19,318","19,364","19,881.40","20,338.95","21,382.20","1,323,792","25,771,710,050"
2016-02-05,"19,872","20,057","19,687","19,872","20,177.20","20,387.45","21,396.83","1,705,501","33,865,905,300"
2016-02-04,"19,872","20,057","19,641","19,780","20,251.20","20,431.35","21,407.23","1,759,194","34,866,866,400"
2016-02-03,"20,334","20,334","19,780","19,826","20,399.00","20,486.80","21,417.24","1,553,685","31,044,433,000"
2016-02-02,"20,658","20,750","20,473","20,565","20,648.60","20,563.05","21,427.64","664,555","13,702,516,250"
2016-02-01,"20,381","20,889","20,103","20,843","20,565.40","20,634.70","21,431.88","1,278,367","26,369,419,550"
2016-01-29,"20,149","20,334","19,965","20,242","20,445.20","20,697.05","21,442.67","1,526,024","30,704,816,700"
2016-01-28,"20,889","20,889","19,918","20,519","20,454.40","20,819.50","21,454.22","2,319,461","47,103,401,350"
2016-01-27,"20,565","21,397","20,381","21,074","20,325.00","20,916.55","21,463.08","2,026,649","42,674,299,800"
2016-01-26,"20,196","20,658","20,149","20,149","20,029.20","20,999.75","21,459.23","984,356","20,071,549,050"
2016-01-25,"20,565","20,612","20,103","20,242","20,066.20","21,156.90","21,461.54","932,786","18,984,121,300"
2016-01-22,"20,103","20,334","19,918","20,288","20,140.20","21,334.80","21,467.70","1,422,209","28,588,654,700"
2016-01-21,"19,641","20,057","19,549","19,872","20,325.00","21,517.35","21,477.33","1,573,520","31,193,418,550"
2016-01-20,"20,242","20,565","19,595","19,595","20,602.40","21,690.65","21,487.73","1,845,604","36,855,832,500"
2016-01-19,"20,612","20,658","19,872","20,334","20,805.80","21,815.40","21,501.20","2,049,409","41,411,349,550"
2016-01-18,"20,750","20,981","20,473","20,612","20,842.80","21,942.50","21,508.52","1,889,185","39,019,056,500"
2016-01-15,"21,397","21,628","21,120","21,212","20,787.20","22,051.10","21,513.52","2,009,147","42,945,960,750"
2016-01-14,"20,427","21,628","20,196","21,259","20,694.80","22,122.75","21,516.22","2,254,341","47,615,604,500"
2016-01-13,"20,612","20,843","20,381","20,612","20,620.80","22,168.95","21,520.83","1,188,289","24,443,033,800"
2016-01-12,"20,334","20,704","20,288","20,519","20,768.60","22,272.90","21,528.92","991,057","20,316,075,000"
2016-01-11,"20,519","20,612","20,288","20,334","21,064.40","22,404.60","21,541.24","1,207,145","24,699,749,600"
2016-01-08,"20,565","20,843","20,381","20,750","21,415.60","22,552.50","21,563.58","1,317,949","27,193,202,550"
2016-01-07,"21,028","21,582","20,612","20,889","21,803.80","22,693.45","21,582.46","1,404,231","29,445,017,950"
2016-01-06,"22,322","22,553","21,074","21,351","22,118.00","22,845.95","21,598.25","2,383,568","51,295,148,550"
2016-01-05,"22,044","22,599","21,859","21,998","22,395.40","22,968.40","21,612.88","1,232,873","27,233,184,500"
2016-01-04,"22,645","22,645","21,998","22,090","22,654.20","23,014.60","21,621.36","890,074","19,820,807,150"
2015-12-30,"22,738","23,569","22,645","22,691","22,996.20","23,065.45","21,634.08","1,600,717","36,950,966,450"
2015-12-29,"22,691","22,922","22,322","22,460","23,245.80","23,088.55","21,637.93","923,716","20,806,842,200"
2015-12-28,"23,477","23,662","22,738","22,738","23,421.40","23,139.40","21,647.56","951,829","21,980,541,600"
2015-12-24,"23,939","24,032","23,292","23,292","23,291.80","23,190.20","21,647.17","969,840","22,817,319,700"
2015-12-23,"23,939","24,309","23,431","23,800","23,208.60","23,187.90","21,646.01","1,430,596","34,177,853,000"
2015-12-22,"23,338","24,170","22,738","23,939","23,005.40","23,148.65","21,640.23","3,539,493","83,725,265,950"
2015-12-21,"22,137","23,569","22,137","23,338","22,746.60","23,040.05","21,636.77","2,302,311","53,079,446,800"
2015-12-18,"22,460","22,553","21,813","22,090","22,515.60","22,887.55","21,641.39","2,373,234","52,350,882,150"
2015-12-17,"22,645","23,200","22,599","22,876","22,635.80","22,825.20","21,651.03","1,524,584","34,793,111,600"
2015-12-16,"22,969","23,107","22,599","22,784","22,691.20","22,668.05","21,656.03","1,671,582","38,139,935,400"
2015-12-15,"22,229","22,784","21,998","22,645","22,792.80","22,490.10","21,658.73","1,314,266","29,499,560,250"
2015-12-14,"22,368","22,414","21,767","22,183","22,977.60","22,321.40","21,666.04","2,142,086","47,269,967,150"
2015-12-11,"22,738","22,922","22,599","22,691","23,328.80","22,164.25","21,675.67","1,995,242","45,451,284,300"
2015-12-10,"23,246","23,431","22,784","23,153","23,550.60","22,021.00","21,690.69","1,862,351","43,162,682,200"
2015-12-09,"23,708","23,708","22,876","23,292","23,504.40","21,873.15","21,706.10","1,390,344","32,325,000,850"
2015-12-08,"23,754","23,754","23,292","23,569","23,467.40","21,706.80","21,715.73","1,859,707","43,777,369,800"
2015-12-07,"24,078","24,263","23,847","23,939","23,384.20","21,542.75","21,722.28","3,066,830","73,513,268,050"
2015-12-04,"22,691","23,847","22,599","23,800","23,291.80","21,344.05","21,726.13","3,372,274","79,322,649,350"
2015-12-03,"23,015","23,061","22,553","22,922","23,282.60","21,161.50","21,737.30","2,377,841","54,231,736,200"
2015-12-02,"23,246","23,385","22,830","23,107","23,347.40","21,048.30","21,752.33","1,334,534","30,837,802,950"
2015-12-01,"23,523","23,754","22,876","23,153","23,329.00","20,907.35","21,771.58","2,953,154","68,301,042,650"
2015-11-30,"23,616","23,616","22,830","23,477","23,051.80","20,775.65","21,794.31","3,040,878","70,979,638,300"
2015-11-27,"23,431","24,124","23,385","23,754","22,414.00","20,609.25","21,815.88","4,271,927","101,401,697,800"
2015-11-26,"23,200","23,523","22,876","23,246","21,831.80","20,419.80","21,840.14","3,951,175","91,874,261,550"
2015-11-25,"21,859","23,292","21,859","23,015","21,129.20","20,262.65","21,868.26","7,021,009","159,851,396,050"
2015-11-24,"20,242","21,813","20,242","21,767","20,371.20","20,096.25","21,906.77","4,272,516","91,398,217,300"
2015-11-23,"20,612","20,796","20,149","20,288","19,872.00","20,015.35","21,954.53","1,709,170","34,889,267,400"
2015-11-20,"19,965","20,981","19,965","20,843","19,622.40","20,020.00","22,015.76","3,062,056","63,484,464,500"
2015-11-19,"19,364","20,057","19,364","19,733","19,419.00","19,999.20","22,065.43","1,088,861","21,525,025,650"
2015-11-18,"19,364","19,502","19,225","19,225","19,511.60","20,100.90","22,126.29","663,781","12,816,146,150"
2015-11-17,"19,410","19,502","19,179","19,271","19,659.60","20,223.40","22,197.54","903,909","17,501,551,650"
2015-11-16,"19,318","19,549","18,948","19,040","19,863.00","20,341.25","22,268.03","1,645,827","31,607,834,950"
2015-11-13,"19,918","20,057","19,780","19,826","20,048.00","20,489.15","22,340.43","843,688","16,797,071,600"
2015-11-12,"19,965","20,242","19,965","20,196","20,112.60","20,590.80","22,413.23","664,105","13,335,982,500"
2015-11-11,"20,149","20,288","19,872","19,965","20,205.00","20,685.50","22,478.31","949,038","18,997,485,750"
2015-11-10,"19,780","20,381","19,780","20,288","20,269.60","20,738.65","22,548.02","991,431","20,021,462,050"
2015-11-09,"20,103","20,288","19,826","19,965","20,315.80","20,787.20","22,610.79","750,212","14,971,233,300"
2015-11-06,"20,519","20,612","19,965","20,149","20,352.60","20,858.80","22,674.33","1,389,684","28,028,321,750"
2015-11-05,"20,288","20,658","20,288","20,658","20,315.80","20,916.60","22,737.50","1,200,832","24,603,648,400"
2015-11-04,"20,704","20,704","20,242","20,288","20,204.80","20,942.00","22,797.58","1,028,997","20,993,725,450"
2015-11-03,"20,242","20,519","20,196","20,519","20,084.60","20,981.30","22,854.19","1,109,909","22,624,142,650"
2015-11-02,"19,918","20,149","19,687","20,149","20,010.60","20,992.85","22,908.88","788,642","15,807,424,000"
2015-10-30,"20,196","20,427","19,918","19,965","20,057.00","21,025.20","22,971.28","1,088,956","21,857,400,850"
2015-10-29,"19,826","20,565","19,826","20,103","20,149.40","21,064.45","23,035.59","2,167,299","43,794,587,300"
2015-10-28,"20,196","20,427","19,641","19,687","20,482.20","21,106.05","23,099.14","1,942,767","38,561,016,650"
2015-10-27,"20,288","20,334","20,011","20,149","20,879.80","21,173.10","23,167.31","1,373,200","27,617,598,950"
2015-10-26,"20,565","20,750","20,196","20,381","21,175.60","21,207.80","23,231.24","1,614,836","32,997,900,800"
2015-10-23,"21,028","21,120","20,334","20,427","21,499.00","21,242.45","23,291.32","4,265,461","87,997,713,850"
2015-10-22,"21,767","22,414","21,443","21,767","21,785.40","21,293.25","23,355.63","1,957,047","42,917,210,900"
2015-10-21,"21,351","22,090","21,351","21,675","21,850.00","21,330.20","23,412.25","1,980,309","43,068,660,500"
2015-10-20,"21,906","21,998","21,397","21,628","21,720.60","21,385.65","23,468.48","1,278,690","27,715,282,550"
2015-10-19,"21,859","22,183","21,721","21,998","21,646.80","21,466.55","23,525.09","882,226","19,429,766,450"
2015-10-16,"22,322","22,460","21,675","21,859","21,526.60","21,524.30","23,584.02","1,207,740","26,575,368,000"
2015-10-15,"20,981","22,183","20,935","22,090","21,415.80","21,549.75","23,637.94","2,662,316","58,231,349,100"
2015-10-14,"21,120","21,212","20,796","21,028","21,231.00","21,572.90","23,689.94","1,326,938","27,841,961,300"
2015-10-13,"21,351","21,490","21,074","21,259","21,240.20","21,676.85","23,760.80","1,040,989","22,125,474,000"
2015-10-12,"21,582","21,582","21,259","21,397","21,138.40","21,787.75","23,828.19","1,136,867","24,317,102,950"
2015-10-08,"21,028","21,305","20,981","21,305","21,018.20","21,887.15","23,896.36","1,429,783","30,241,087,800"
2015-10-07,"21,028","21,305","20,935","21,166","20,907.20","21,984.20","23,956.05","1,070,503","22,621,436,050"
2015-10-06,"20,889","21,166","20,889","21,074","20,861.00","22,083.55","24,018.06","1,128,278","23,746,897,600"
2015-10-05,"20,889","20,935","20,658","20,750","20,851.80","22,175.95","24,081.60","1,010,786","21,052,775,250"
2015-10-02,"20,750","21,028","20,658","20,796","20,870.40","22,249.90","24,144.77","1,012,459","21,117,521,200"
2015-10-01,"20,981","21,074","20,658","20,750","20,926.00","22,266.10","24,206.78","1,176,188","24,545,828,250"
2015-09-30,"20,750","20,935","20,427","20,935","21,064.60","22,293.85","24,269.55","1,485,835","30,753,167,200"
2015-09-25,"20,565","21,166","20,565","21,028","21,378.80","22,312.35","24,335.03","982,140","20,591,290,100"
2015-09-24,"20,935","21,351","20,796","20,843","21,730.00","22,307.70","24,404.73","1,646,210","34,546,756,350"
2015-09-23,"21,074","21,259","20,796","21,074","22,210.60","22,282.25","24,474.44","2,283,066","48,102,806,300"
2015-09-22,"22,460","22,553","21,259","21,443","22,626.40","22,247.60","24,548.00","4,250,198","91,351,206,950"
2015-09-21,"22,460","22,645","22,137","22,506","22,811.40","22,166.75","24,613.48","1,131,048","25,256,387,050"
2015-09-18,"23,246","23,292","22,460","22,784","22,820.80","22,002.70","24,667.01","1,409,526","32,044,686,950"
2015-09-17,"23,292","23,385","22,830","23,246","22,885.40","21,840.95","24,720.15","1,368,366","31,625,742,350"
2015-09-16,"22,506","23,292","22,368","23,153","22,931.60","21,709.25","24,775.23","1,876,538","42,952,452,165"
2015-09-15,"22,553","22,691","22,183","22,368","22,978.00","21,584.50","24,828.38","1,514,626","33,897,349,444"
2015-09-14,"23,015","23,200","22,090","22,553","23,153.60","21,519.80","24,892.31","2,504,832","56,358,842,550"
2015-09-11,"23,200","23,385","22,969","23,107","23,273.60","21,418.10","24,956.23","1,509,337","34,893,087,850"
2015-09-10,"23,153","23,477","22,784","23,477","23,236.60","21,318.75","25,012.47","1,758,559","40,692,775,800"
2015-09-09,"23,569","23,708","23,200","23,385","22,987.00","21,200.90","25,069.08","1,911,554","44,739,828,350"
2015-09-08,"23,153","23,385","22,506","23,246","22,534.00","21,080.70","25,126.85","2,059,862","47,507,452,950"
2015-09-07,"23,153","23,385","22,599","23,153","22,145.80","20,972.10","25,185.78","1,733,192","40,019,144,200"
2015-09-04,"22,506","23,246","22,414","22,922","21,776.20","20,868.15","25,243.17","3,685,599","84,705,701,200"
2015-09-03,"21,305","22,322","21,305","22,229","21,378.80","20,828.90","25,297.48","3,017,211","66,147,659,100"
2015-09-02,"20,704","21,305","20,565","21,120","20,999.80","20,798.85","25,349.47","1,332,928","27,915,535,750"
2015-09-01,"21,675","21,859","21,074","21,305","20,852.00","20,821.95","25,415.33","1,979,809","42,303,736,200"
2015-08-31,"21,028","21,582","20,796","21,305","20,556.20","20,787.30","25,475.79","1,968,430","41,756,370,200"
2015-08-28,"20,612","21,074","20,519","20,935","20,140.20","20,743.40","25,534.33","1,276,370","26,590,229,550"
2015-08-27,"20,565","20,704","20,242","20,334","19,863.00","20,745.70","25,601.35","1,435,172","29,317,893,350"
2015-08-26,"19,872","20,519","19,872","20,381","19,918.60","20,801.15","25,676.84","1,450,235","29,444,819,800"
2015-08-25,"19,225","20,103","18,994","19,826","19,974.00","20,838.10","25,752.71","2,168,298","42,682,771,850"
2015-08-24,"19,133","19,872","18,948","19,225","20,223.60","20,907.40","25,839.36","2,089,662","40,355,277,500"
2015-08-21,"19,872","20,103","19,502","19,549","20,482.40","21,006.75","25,927.17","2,391,656","47,156,645,850"
2015-08-20,"20,381","20,889","20,381","20,612","20,796.60","21,089.90","26,022.29","1,094,991","22,678,393,100"
2015-08-19,"20,981","21,120","20,473","20,658","20,898.20","21,136.10","26,112.41","2,058,016","42,584,736,000"
2015-08-18,"20,612","21,397","20,612","21,074","20,962.80","21,193.85","26,204.84","2,163,099","45,560,912,750"
2015-08-17,"21,212","21,351","20,519","20,519","20,962.80","21,219.25","26,292.27","2,168,416","44,884,147,350"
2015-08-13,"21,166","21,351","20,843","21,120","21,073.80","21,293.20","26,385.08","1,492,265","31,592,758,400"
2015-08-12,"20,889","21,212","20,796","21,120","21,277.20","21,387.95","26,471.35","1,281,656","26,939,100,700"
2015-08-11,"21,397","21,443","20,981","20,981","21,378.80","21,482.70","26,563.39","1,279,185","27,163,900,350"
2015-08-10,"21,166","21,212","20,565","21,074","21,499.00","21,572.85","26,659.68","998,184","20,947,187,200"
2015-08-07,"22,090","22,090","21,028","21,074","21,406.60","21,674.50","26,762.12","2,654,354","56,420,868,100"
2015-08-06,"21,582","22,460","21,490","22,137","21,277.20","21,771.55","26,864.56","4,199,240","92,411,421,800"
2015-08-05,"21,675","21,952","21,305","21,628","21,046.00","21,845.50","26,951.59","1,799,714","38,903,613,650"
2015-08-04,"21,120","22,137","21,120","21,582","21,009.00","21,921.75","27,038.25","4,166,538","89,982,082,650"
2015-08-03,"20,473","21,028","20,473","20,612","20,916.60","22,023.45","27,129.91","1,579,231","32,643,687,450"
2015-07-31,"20,704","21,028","19,918","20,427","21,036.60","22,127.40","27,228.50","2,966,165","60,346,312,950"
2015-07-30,"21,397","21,443","20,704","20,981","21,193.60","22,263.70","27,326.32","1,989,476","41,843,925,350"
2015-07-29,"21,074","21,443","20,981","21,443","21,239.80","22,370.00","27,428.38","1,870,154","39,789,921,050"
2015-07-28,"21,120","21,628","20,981","21,120","21,258.40","22,474.00","27,518.50","1,249,799","26,556,001,850"
2015-07-27,"20,796","21,859","20,565","21,212","21,397.00","22,612.65","27,612.08","3,078,693","65,247,188,850"
2015-07-24,"21,212","21,351","20,565","21,212","21,471.00","22,714.35","27,712.99","2,030,989","42,512,535,850"
2015-07-23,"21,582","21,952","20,473","21,212","21,628.20","22,827.60","27,820.45","4,268,690","90,615,448,900"
2015-07-22,"21,582","22,599","21,443","21,536","21,988.80","22,922.35","27,921.36","2,063,914","45,220,785,050"
2015-07-21,"21,582","21,952","21,536","21,813","22,284.60","23,021.70","28,023.03","1,329,993","28,931,648,800"
2015-07-20,"21,767","21,906","21,120","21,582","22,478.80","23,097.95","28,112.77","1,904,319","41,126,244,700"
2015-07-17,"23,153","23,153","21,859","21,998","22,783.80","23,243.55","28,202.89","2,517,908","55,917,281,650"
2015-07-16,"23,153","23,338","22,830","23,015","22,987.20","23,393.75","28,287.62","913,218","21,058,774,950"
2015-07-15,"22,784","23,246","22,784","23,015","23,107.40","23,465.35","28,374.65","839,785","19,309,658,450"
2015-07-14,"23,246","23,292","22,691","22,784","23,135.00","23,532.35","28,454.37","1,211,705","27,680,460,400"
2015-07-13,"23,015","23,338","22,738","23,107","23,301.40","23,613.20","28,541.02","994,221","22,920,041,400"
2015-07-10,"23,616","23,662","22,830","23,015","23,218.20","23,714.90","28,624.98","1,679,130","38,732,427,800"
2015-07-09,"23,200","23,708","22,738","23,616","23,245.80","23,800.40","28,713.17","1,204,897","28,065,018,600"
2015-07-08,"23,662","24,032","23,107","23,153","23,144.00","23,890.50","28,795.58","1,753,512","41,199,916,400"
2015-07-07,"22,922","23,754","22,784","23,616","23,218.00","24,026.85","28,874.15","1,934,370","45,098,701,650"
2015-07-06,"23,107","23,338","22,691","22,691","23,273.40","24,149.30","28,947.71","1,043,297","24,002,010,800"
2015-07-03,"23,153","23,200","22,969","23,153","23,384.40","24,348.05","29,029.36","963,428","22,277,235,485"
2015-07-02,"23,569","23,616","23,015","23,107","23,449.20","24,521.40","29,108.32","1,598,680","36,986,416,100"
2015-07-01,"24,032","24,078","23,477","23,523","23,449.20","24,747.85","29,180.73","1,389,519","32,818,671,500"
2015-06-30,"23,431","23,893","23,292","23,893","23,449.20","24,946.60","29,243.12","1,947,145","46,200,501,500"
2015-06-29,"23,107","23,338","22,738","23,246","23,338.20","25,133.75","29,293.57","1,378,580","31,824,645,900"
2015-06-26,"23,107","23,523","23,107","23,477","23,587.80","25,311.65","29,348.25","1,410,241","32,982,111,150"
2015-06-25,"23,477","23,616","23,015","23,107","23,892.80","25,489.60","29,411.79","2,073,307","48,185,179,000"
2015-06-24,"23,569","23,893","23,292","23,523","24,160.80","25,723.00","29,480.73","2,436,505","57,474,651,300"
2015-06-23,"24,679","24,725","23,200","23,338","24,327.20","25,933.30","29,545.43","4,297,779","101,537,474,300"
2015-06-22,"24,956","25,002","24,355","24,494","24,539.80","26,152.85","29,614.38","1,317,044","32,285,389,500"
2015-06-19,"24,679","25,557","24,632","25,002","24,669.20","26,356.20","29,673.30","1,792,399","45,133,356,300"
2015-06-18,"24,494","24,540","24,263","24,447","24,613.80","26,506.40","29,727.60","1,202,200","29,314,450,300"
2015-06-17,"24,263","24,632","24,170","24,355","24,808.00","26,700.55","29,783.45","1,473,412","35,819,377,600"
2015-06-16,"25,048","25,187","24,263","24,401","25,113.00","26,873.85","29,847.38","1,507,706","36,965,183,100"
2015-06-15,"24,771","25,464","24,725","25,141","25,445.80","27,033.30","29,907.85","1,698,022","42,823,396,100"
2015-06-12,"25,418","25,557","24,679","24,725","25,750.80","27,162.70","29,960.61","2,737,415","68,315,168,900"
2015-06-11,"26,157","26,204","25,418","25,418","26,129.80","27,319.80","30,022.61","1,981,114","50,851,430,142"
2015-06-10,"25,834","26,250","25,557","25,880","26,573.40","27,403.00","30,086.93","1,983,925","51,230,416,550"
2015-06-09,"26,620","26,758","26,019","26,065","26,897.00","27,463.10","30,136.99","2,020,585","53,076,657,900"
2015-06-08,"26,573","26,943","26,342","26,666","27,211.20","27,541.65","30,188.98","876,692","23,392,617,400"
2015-06-05,"27,544","27,544","26,389","26,620","27,238.80","27,592.50","30,236.74","2,482,386","66,311,770,050"
2015-06-04,"27,451","27,914","27,405","27,636","27,322.00","27,647.95","30,285.65","1,423,774","39,477,903,150"
2015-06-03,"27,636","27,821","27,220","27,498","27,349.80","27,659.50","30,324.55","1,247,608","34,284,251,800"
2015-06-02,"27,220","27,729","27,036","27,636","27,396.00","27,675.65","30,361.13","2,515,392","69,106,546,450"
2015-06-01,"27,128","27,128","26,527","26,804","27,414.60","27,673.35","30,391.95","1,507,176","40,418,011,050"
2015-05-29,"27,498","27,683","26,897","27,036","27,766.00","27,740.40","30,428.93","2,793,377","75,813,562,700"
2015-05-28,"28,006","28,052","27,544","27,775","27,960.00","27,816.65","30,467.05","1,182,066","32,865,790,824"
2015-05-27,"27,775","27,960","27,405","27,729","28,071.00","27,849.00","30,497.09","1,540,902","42,655,579,700"
2015-05-26,"28,561","28,607","27,683","27,729","28,089.40","27,883.65","30,527.13","1,480,824","41,341,761,550"
2015-05-22,"28,052","28,561","27,821","28,561","28,061.60","27,950.65","30,563.33","1,398,727","39,682,196,750"
2015-05-21,"28,468","28,561","27,914","28,006","27,895.20","27,939.10","30,592.98","1,132,051","31,829,806,350"
2015-05-20,"28,052","28,607","27,960","28,330","27,867.40","27,955.30","30,628.42","1,897,114","53,860,406,300"
2015-05-19,"27,729","27,960","27,313","27,821","27,617.80","28,015.35","30,657.68","1,265,043","35,017,570,850"
2015-05-18,"27,914","27,960","27,405","27,590","27,470.00","28,091.60","30,688.88","723,855","19,955,654,950"
2015-05-15,"28,052","28,145","27,590","27,729","27,479.20","28,190.95","30,720.08","767,687","21,361,143,150"
2015-05-14,"27,313","28,052","27,174","27,867","27,470.00","28,227.90","30,748.58","1,666,810","46,268,557,050"
2015-05-13,"26,989","27,359","26,897","27,082","27,442.40","28,264.90","30,771.31","1,236,286","33,512,819,100"
2015-05-12,"27,590","27,590","26,989","27,082","27,599.40","28,345.75","30,805.58","1,923,835","52,273,850,650"
2015-05-11,"27,867","28,052","27,590","27,636","27,747.20","28,408.15","30,840.24","1,103,527","30,629,498,200"
2015-05-08,"27,775","27,914","27,636","27,683","27,738.00","28,438.20","30,875.29","786,438","21,804,632,950"
2015-05-07,"27,729","28,145","27,590","27,729","27,830.40","28,468.20","30,910.33","1,033,957","28,803,798,900"
2015-05-06,"27,775","28,098","27,683","27,867","27,996.80","28,521.35","30,943.45","1,286,143","35,859,555,200"
2015-05-04,"27,729","27,914","27,590","27,821","28,107.80","28,597.65","30,967.72","858,022","23,843,544,950"
2015-04-30,"27,960","28,283","27,359","27,590","28,228.00","28,667.00","30,988.90","2,481,780","68,792,840,600"
2015-04-29,"28,607","28,607","28,006","28,145","28,523.80","28,782.55","31,011.24","1,922,358","54,250,163,100"
2015-04-28,"28,699","28,746","28,422","28,561","28,560.80","28,840.30","31,029.73","1,549,935","44,302,886,300"
2015-04-27,"28,653","28,792","28,422","28,422","28,514.60","28,858.75","31,035.88","2,083,423","59,595,283,050"
2015-04-24,"29,300","29,485","28,237","28,422","28,736.40","28,895.70","31,040.51","3,993,180","114,274,707,800"
2015-04-23,"29,855","29,993","28,838","29,069","28,921.20","28,967.35","31,045.52","7,349,694","216,522,568,550"
2015-04-22,"28,514","28,792","28,006","28,330","29,022.80","28,990.45","31,053.61","3,779,562","107,121,998,650"
2015-04-21,"29,670","29,808","28,237","28,330","29,050.40","29,075.95","31,065.93","5,073,174","144,672,759,200"
2015-04-20,"29,393","29,855","29,300","29,531","29,105.80","29,170.65","31,082.10","1,740,704","51,389,232,250"
2015-04-17,"29,670","29,993","29,161","29,346","28,939.40","29,186.85","31,091.34","1,953,919","57,647,330,350"
2015-04-16,"28,746","29,577","28,653","29,577","28,736.20","29,233.10","31,101.74","2,768,209","80,916,103,900"
2015-04-15,"28,838","28,930","28,422","28,468","28,468.20","29,270.10","31,103.28","1,828,304","52,249,267,300"
2015-04-14,"28,838","28,930","28,422","28,607","28,431.20","29,362.55","31,107.13","1,514,460","43,272,723,250"
2015-04-13,"28,422","28,792","28,422","28,699","28,468.20","29,434.20","31,107.52","1,451,731","41,459,496,100"
2015-04-10,"28,283","28,792","28,237","28,330","28,607.00","29,471.20","31,096.35","1,385,190","39,387,277,300"
2015-04-09,"28,514","28,561","27,914","28,237","28,782.60","29,478.10","31,099.82","1,495,841","42,318,268,450"
2015-04-08,"28,514","28,792","27,914","28,283","29,115.40","29,517.40","31,112.91","2,634,519","74,256,855,450"
2015-04-07,"29,439","29,670","28,746","28,792","29,318.80","29,531.30","31,122.93","1,285,569","37,293,345,900"
2015-04-06,"29,115","29,485","28,838","29,393","29,346.40","29,508.20","31,129.47","1,055,509","30,703,464,850"
2015-04-03,"30,224","30,271","29,161","29,208","29,300.00","29,487.40","31,144.87","1,196,689","35,200,854,750"
2015-04-02,"29,624","30,086","29,439","29,901","29,429.40","29,496.65","31,162.19","1,268,175","37,784,007,700"
2015-04-01,"29,115","29,577","28,792","29,300","29,355.40","29,475.85","31,164.88","1,300,836","38,104,121,800"
2015-03-31,"29,577","29,577","28,699","28,930","29,503.40","29,522.05","31,171.43","1,795,895","52,102,649,850"
2015-03-30,"29,577","29,670","28,468","29,161","29,762.20","29,563.65","31,181.45","2,045,581","59,318,886,700"
2015-03-27,"29,531","29,993","29,485","29,855","29,901.00","29,653.80","31,189.93","1,018,829","30,361,578,250"
2015-03-26,"29,808","29,855","29,346","29,531","29,984.20","29,732.35","31,203.02","1,159,672","34,259,313,800"
2015-03-25,"30,409","30,548","29,901","30,040","30,141.40","29,843.30","31,228.83","1,050,648","31,670,055,550"
2015-03-24,"29,947","30,363","29,577","30,224","30,196.80","29,919.55","31,253.47","1,046,792","31,412,263,550"
2015-03-23,"30,548","30,640","29,624","29,855","30,160.00","29,991.20","31,274.65","1,808,054","53,859,988,200"
2015-03-20,"30,594","30,594","29,901","30,271","30,076.80","30,072.05","31,300.07","1,373,994","41,638,886,250"
2015-03-19,"30,825","30,825","30,086","30,317","29,716.20","30,166.75","31,305.84","1,481,137","44,859,976,900"
2015-03-18,"30,224","30,687","29,901","30,317","29,457.40","30,277.65","31,315.47","2,022,032","61,329,908,700"
2015-03-17,"29,947","30,040","29,577","30,040","29,106.20","30,430.15","31,332.03","1,818,837","54,256,631,300"
2015-03-16,"28,977","29,762","28,838","29,439","28,764.20","30,596.50","31,350.89","2,354,581","69,248,326,850"
2015-03-13,"29,023","29,208","28,422","28,468","28,671.80","30,753.60","31,378.62","1,495,089","42,797,701,400"
2015-03-12,"28,653","29,346","28,607","29,023","28,856.80","30,931.55","31,412.13","2,975,615","86,655,321,150"
2015-03-11,"28,422","28,792","28,376","28,561","28,949.20","31,109.45","31,441.01","2,569,642","73,524,745,400"
2015-03-10,"29,208","29,300","28,330","28,330","29,281.80","31,303.55","31,470.66","2,366,610","67,698,733,650"
2015-03-09,"29,577","29,901","28,746","28,977","29,568.20","31,495.30","31,505.70","2,334,200","68,178,492,600"
2015-03-06,"29,808","29,855","29,300","29,393","29,965.60","31,707.85","31,526.88","2,156,653","63,551,568,850"
2015-03-05,"29,808","30,040","29,300","29,485","30,372.20","31,851.10","31,543.05","2,954,232","87,168,873,450"
2015-03-04,"29,947","30,271","29,808","30,224","30,825.20","31,994.35","31,555.76","1,994,381","59,923,285,500"
2015-03-03,"31,010","31,056","29,670","29,762","31,093.40","32,149.20","31,570.78","3,914,201","117,437,568,450"
2015-03-02,"31,426","31,750","30,687","30,964","31,472.40","32,366.45","31,590.81","1,571,443","48,677,622,850"
2015-02-27,"31,796","32,212","31,287","31,426","31,574.00","32,484.30","31,602.75","1,460,557","46,394,147,850"
2015-02-26,"31,796","31,796","31,565","31,750","31,721.80","32,599.85","31,610.07","711,706","22,577,773,150"
2015-02-25,"31,981","32,212","31,426","31,565","31,878.80","32,641.40","31,616.61","1,375,249","43,562,545,844"
2015-02-24,"31,472","32,212","31,426","31,657","32,239.20","32,683.00","31,620.84","1,358,967","43,217,844,450"
2015-02-23,"32,212","32,350","30,871","31,472","32,581.20","32,708.40","31,621.62","2,311,431","72,456,691,850"
2015-02-17,"32,304","32,812","31,934","32,165","32,803.00","32,807.75","31,621.23","692,192","22,267,083,650"
2015-02-16,"33,275","33,644","32,258","32,535","32,775.40","32,828.55","31,622.39","829,667","27,042,971,000"
2015-02-13,"33,552","33,968","32,997","33,367","32,784.60","32,860.90","31,619.70","886,795","29,692,217,048"
2015-02-12,"32,628","33,367","32,628","33,367","32,599.80","32,851.65","31,606.61","1,185,712","39,310,599,850"
2015-02-11,"32,165","32,720","31,750","32,581","32,359.40","32,863.20","31,590.05","935,574","30,190,577,150"
2015-02-10,"32,165","32,720","31,703","32,027","32,488.80","32,909.45","31,574.65","857,491","27,450,419,650"
2015-02-09,"32,674","33,182","32,581","32,581","32,535.00","32,937.15","31,566.94","640,348","21,017,934,750"
2015-02-06,"32,119","32,859","31,981","32,443","32,488.80","32,930.25","31,551.54","1,398,432","45,493,236,855"
2015-02-05,"32,997","33,228","32,027","32,165","32,664.40","32,932.55","31,537.29","1,100,127","35,555,368,210"
2015-02-04,"32,535","33,228","32,489","33,228","33,052.80","32,955.70","31,528.43","1,016,570","33,504,420,400"
2015-02-03,"32,350","32,443","31,611","32,258","33,071.40","32,884.10","31,511.49","1,558,767","49,855,504,500"
2015-02-02,"33,136","33,275","32,165","32,350","33,367.20","32,821.70","31,507.64","1,352,404","43,950,030,800"
2015-01-30,"34,245","34,384","32,951","33,321","33,413.40","32,701.55","31,499.94","1,777,863","59,482,342,800"
2015-01-29,"34,107","34,153","33,552","34,107","33,228.60","32,525.90","31,481.07","1,214,230","41,251,411,150"
2015-01-28,"33,737","34,338","32,905","33,321","32,840.20","32,375.65","31,457.18","1,548,578","51,845,590,050"
2015-01-27,"32,720","33,737","32,628","33,737","32,867.80","32,278.60","31,441.78","1,152,939","38,680,697,650"
2015-01-26,"32,397","32,674","31,934","32,581","32,636.60","32,156.10","31,411.35","685,736","22,154,058,550"
2015-01-23,"32,628","32,720","32,119","32,397","32,756.80","32,107.60","31,387.09","968,354","31,384,996,750"
2015-01-22,"33,367","33,459","32,119","32,165","32,913.80","32,066.00","31,362.83","1,317,642","42,848,250,950"
2015-01-21,"32,674","33,552","32,674","33,459","33,200.40","32,033.65","31,352.04","1,023,689","34,036,975,500"
2015-01-20,"32,905","33,136","32,443","32,581","33,209.80","31,918.15","31,328.55","758,123","24,762,470,300"
2015-01-19,"32,951","34,014","32,628","33,182","33,209.80","31,890.45","31,308.91","557,938","18,427,152,500"
2015-01-16,"33,644","33,644","32,397","33,182","33,062.00","31,814.20","31,291.19","953,497","31,563,325,150"
2015-01-15,"33,506","34,153","33,136","33,598","32,923.40","31,728.70","31,266.16","1,024,315","34,374,366,970"
2015-01-14,"32,581","34,060","32,212","33,506","32,729.40","31,657.05","31,246.90","1,860,042","62,467,227,800"
2015-01-13,"32,581","32,951","32,397","32,581","32,387.40","31,638.55","31,227.64","1,004,211","32,826,400,450"
2015-01-12,"32,397","33,367","32,350","32,443","32,073.20","31,603.90","31,207.62","889,419","29,232,363,250"
2015-01-09,"32,951","33,413","32,397","32,489","31,574.00","31,596.95","31,186.05","1,645,797","54,377,720,500"
2015-01-08,"32,073","32,766","31,518","32,628","31,037.80","31,592.35","31,166.41","1,744,789","56,632,443,900"
2015-01-07,"31,149","32,119","31,149","31,796","30,732.60","31,585.40","31,142.53","1,374,685","43,707,349,300"
2015-01-06,"30,132","31,703","29,855","31,010","30,649.40","31,610.80","31,126.73","2,220,409","69,185,476,750"
2015-01-05,"29,855","30,040","28,838","29,947","30,704.80","31,654.70","31,119.80","1,703,448","50,083,773,900"
2015-01-02,"30,871","30,918","29,808","29,808","31,037.60","31,724.05","31,127.12","1,098,803","33,197,621,600"
2014-12-30,"31,380","31,565","30,871","31,102","31,389.00","31,795.70","31,126.35","759,954","23,602,856,350"
2014-12-29,"31,102","31,565","30,918","31,380","31,472.20","31,821.15","31,118.27","627,228","19,636,087,350"
2014-12-26,"31,657","31,888","31,010","31,287","31,426.00","31,821.15","31,107.87","784,073","24,554,546,350"
2014-12-24,"31,334","31,703","31,056","31,611","31,574.00","31,823.50","31,096.70","906,563","28,471,747,550"
2014-12-23,"31,657","31,796","31,010","31,565","31,583.20","31,846.60","31,080.14","580,711","18,246,785,400"
2014-12-22,"31,287","31,750","30,779","31,518","31,564.60","31,874.30","31,062.04","906,349","28,326,087,100"
2014-12-19,"32,073","32,212","31,010","31,149","31,694.00","31,911.30","31,041.25","1,522,764","47,652,438,850"
2014-12-18,"31,703","32,443","31,056","32,027","32,091.40","31,945.95","31,021.23","1,294,900","41,085,255,700"
2014-12-17,"31,565","31,888","30,871","31,657","32,063.60","31,922.85","30,995.03","1,439,842","45,020,486,650"
2014-12-16,"31,934","32,443","31,380","31,472","32,193.00","31,906.70","30,969.62","867,175","27,563,219,150"
2014-12-15,"32,674","32,720","31,842","32,165","32,378.00","31,890.55","30,937.65","1,033,589","33,247,160,400"
2014-12-12,"31,888","33,228","31,888","33,136","32,442.80","31,812.00","30,902.61","1,690,524","55,681,497,600"
2014-12-11,"32,212","32,397","31,750","31,888","32,276.40","31,714.95","30,863.71","1,159,734","37,124,812,550"
2014-12-10,"32,119","32,489","31,981","32,304","32,276.40","31,682.60","30,830.20","929,684","29,981,515,150"
2014-12-09,"32,489","32,489","32,165","32,397","32,082.40","31,659.50","30,792.84","613,621","19,858,140,850"
2014-12-08,"32,027","32,489","31,981","32,489","31,851.20","31,634.05","30,748.17","708,098","22,933,977,000"
2014-12-05,"32,258","32,443","32,073","32,304","31,675.60","31,594.75","30,705.03","1,079,915","34,871,843,350"
2014-12-04,"31,426","31,934","31,380","31,888","31,490.80","31,518.50","30,663.44","1,122,918","35,682,137,800"
2014-12-03,"31,472","31,611","30,779","31,334","31,380.00","31,442.25","30,624.93","982,095","30,707,550,350"
2014-12-02,"31,334","31,657","30,964","31,241","31,527.80","31,389.10","30,587.96","459,675","14,309,679,650"
2014-12-01,"31,426","31,888","31,010","31,611","31,703.40","31,345.20","30,538.28","762,272","24,034,066,950"
2014-11-28,"30,964","31,611","30,779","31,380","31,832.80","31,229.65","30,481.28","707,776","22,078,947,300"
2014-11-27,"32,027","32,027","31,056","31,334","31,925.20","31,109.50","30,428.89","786,234","24,600,999,950"
2014-11-26,"32,350","32,350","31,426","32,073","31,971.40","30,993.95","30,375.36","619,096","19,777,709,400"
2014-11-25,"32,443","32,443","32,027","32,119","31,823.60","30,892.30","30,317.20","1,067,769","34,403,066,900"
2014-11-24,"32,443","32,489","31,888","32,258","31,629.60","30,776.75","30,267.13","999,384","32,171,462,900"
2014-11-21,"31,934","32,165","31,611","31,842","31,296.80","30,677.40","30,218.61","1,173,561","37,522,044,050"
2014-11-20,"31,380","31,657","31,149","31,565","31,167.40","30,617.30","30,172.78","1,117,986","35,257,421,450"
2014-11-19,"31,472","31,472","30,779","31,334","31,102.60","30,568.75","30,126.94","946,962","29,566,841,000"
2014-11-18,"30,317","31,149","30,224","31,149","31,204.20","30,490.15","30,084.96","814,058","25,044,501,600"
2014-11-17,"31,149","31,380","30,548","30,594","31,352.00","30,379.20","30,047.98","666,949","20,502,839,050"
2014-11-14,"31,703","31,703","30,871","31,195","31,573.80","30,282.15","30,013.71","657,604","20,465,352,350"
2014-11-13,"31,518","31,750","30,964","31,241","31,490.60","30,090.35","29,969.03","866,448","27,130,828,650"
2014-11-12,"31,611","32,027","31,195","31,842","31,315.00","29,965.60","29,922.43","675,662","21,483,700,000"
2014-11-11,"31,703","32,119","31,241","31,888","31,000.80","29,863.90","29,870.06","925,353","29,335,280,900"
2014-11-10,"31,056","32,350","31,056","31,703","30,695.80","29,743.75","29,818.45","2,024,795","64,673,365,750"
2014-11-07,"30,687","30,871","30,548","30,779","30,215.20","29,637.45","29,770.70","939,352","28,892,163,500"
2014-11-06,"30,502","30,594","30,178","30,363","29,854.80","29,660.55","29,725.26","981,007","29,745,772,150"
2014-11-05,"30,363","30,363","29,624","30,271","29,586.80","29,706.75","29,684.43","939,515","28,133,354,450"
2014-11-04,"30,132","30,502","29,762","30,363","29,540.60","29,704.40","29,645.53","1,614,467","48,841,902,200"
2014-11-03,"29,393","29,439","29,115","29,300","29,429.60","29,690.55","29,603.17","975,279","28,555,936,900"
2014-10-31,"29,346","29,393","28,422","28,977","29,623.80","29,732.15","29,570.43","1,474,717","42,403,771,950"
2014-10-30,"30,317","30,409","28,653","29,023","29,956.40","29,792.20","29,540.78","2,014,609","58,539,411,000"
2014-10-29,"30,178","30,363","29,670","30,040","30,270.60","29,912.35","29,510.35","887,286","26,623,458,850"
2014-10-28,"29,901","29,993","29,346","29,808","30,215.00","30,041.75","29,474.53","1,119,677","33,357,859,350"
2014-10-27,"30,733","31,149","30,040","30,271","30,039.40","30,201.20","29,443.73","962,309","29,227,406,750"
2014-10-24,"30,594","30,779","28,561","30,640","29,715.80","30,325.95","29,409.83","3,161,370","94,649,771,400"
2014-10-23,"30,317","31,334","30,132","30,594","29,059.60","30,439.20","29,375.94","2,462,554","75,951,880,450"
2014-10-22,"30,132","30,132","29,393","29,762","28,690.00","30,457.70","29,344.36","1,624,556","48,315,640,800"
2014-10-21,"29,439","29,762","28,838","28,930","28,699.20","30,543.20","29,321.25","1,843,548","54,135,575,850"
2014-10-20,"27,914","28,699","27,867","28,653","28,810.20","30,711.90","29,300.84","1,520,619","43,168,496,250"
2014-10-17,"28,422","28,561","27,036","27,359","28,995.00","30,894.45","29,283.51","4,108,461","112,699,149,200"
2014-10-16,"29,670","29,947","28,422","28,746","29,771.40","31,164.80","29,276.96","2,251,925","64,925,331,300"
2014-10-15,"29,993","30,733","29,577","29,808","30,279.60","31,351.95","29,257.32","1,145,967","34,562,581,038"
2014-10-14,"29,485","30,132","28,376","29,485","30,362.80","31,486.00","29,226.51","1,906,709","56,085,595,400"
2014-10-13,"30,455","30,502","29,439","29,577","30,483.00","31,617.70","29,199.17","2,062,130","61,315,391,050"
2014-10-10,"31,287","31,518","30,687","31,241","30,594.00","31,765.60","29,166.43","1,515,560","47,285,951,450"
2014-10-08,"30,271","31,287","30,271","31,287","30,381.40","31,779.45","29,120.22","1,296,202","40,256,574,750"
2014-10-07,"30,455","31,056","30,040","30,224","30,409.20","31,781.80","29,070.93","1,107,112","33,844,209,190"
2014-10-06,"30,502","30,779","29,670","30,086","30,890.00","31,821.10","29,035.50","1,751,707","52,972,384,150"
2014-10-02,"29,808","30,918","29,808","30,132","31,472.20","31,918.15","29,001.99","1,478,460","44,855,778,550"
2014-10-01,"30,825","30,871","29,485","30,178","31,999.00","32,019.80","28,965.41","3,214,919","96,768,847,200"
2014-09-30,"32,212","32,581","31,380","31,426","32,544.40","32,130.75","28,928.05","1,738,073","55,072,123,100"
2014-09-29,"32,859","32,997","32,073","32,628","32,452.00","32,174.65","28,873.75","975,931","31,712,590,650"
2014-09-26,"32,397","33,136","31,241","32,997","32,220.80","32,170.00","28,807.51","1,647,690","53,543,602,550"
2014-09-25,"33,090","33,182","32,535","32,766","32,082.20","32,123.80","28,737.80","1,318,300","43,365,787,150"
2014-09-24,"31,056","32,951","31,010","32,905","31,989.80","32,073.00","28,668.48","2,162,775","69,811,563,925"
2014-09-23,"31,426","31,703","30,825","30,964","31,962.00","31,999.05","28,597.23","1,411,334","43,992,817,900"
2014-09-22,"32,443","32,628","31,334","31,472","32,267.00","32,066.05","28,544.46","836,837","26,440,561,700"
2014-09-19,"32,443","32,720","32,165","32,304","32,470.40","32,103.05","28,485.15","703,535","22,731,700,300"
2014-09-18,"32,535","32,766","32,165","32,304","32,433.40","32,077.65","28,417.37","756,965","24,496,370,450"
2014-09-17,"32,720","32,905","32,489","32,766","32,479.60","32,031.45","28,350.74","757,784","24,793,374,650"
2014-09-16,"32,674","32,951","32,443","32,489","32,230.00","31,929.80","28,275.26","1,069,008","35,043,892,550"
2014-09-15,"32,628","32,812","32,165","32,489","31,999.00","31,860.45","28,200.16","1,065,987","34,722,007,050"
2014-09-12,"32,859","32,997","32,119","32,119","31,703.20","31,772.65","28,125.06","1,451,367","47,216,327,550"
2014-09-11,"32,073","32,535","31,796","32,535","31,684.80","31,703.35","28,052.28","2,058,098","66,510,529,100"
2014-09-05,"31,565","31,934","31,102","31,518","31,610.80","31,631.70","27,962.93","966,214","30,430,810,850"
2014-09-04,"31,149","31,518","30,502","31,334","31,786.60","31,615.55","27,878.58","1,370,171","42,762,068,400"
2014-09-03,"31,518","32,212","30,733","31,010","31,980.60","31,638.65","27,795.39","2,086,980","64,792,515,200"
2014-09-02,"32,304","32,535","31,888","32,027","32,285.60","31,659.45","27,717.60","677,337","21,812,744,650"
2014-09-01,"32,119","32,674","31,750","32,165","32,294.80","31,610.90","27,634.03","686,675","22,021,507,250"
2014-08-29,"32,535","32,720","32,258","32,397","32,211.80","31,564.70","27,551.61","858,574","27,934,247,000"
2014-08-28,"32,397","32,720","32,212","32,304","32,017.60","31,518.45","27,468.80","694,686","22,528,487,300"
2014-08-27,"32,720","32,997","32,304","32,535","32,017.60","31,407.55","27,384.84","1,130,267","36,862,946,950"
2014-08-26,"31,796","32,304","31,750","32,073","31,953.00","31,264.30","27,297.03","963,935","31,031,060,450"
2014-08-25,"31,518","31,796","30,871","31,750","31,897.60","31,134.90","27,212.69","689,704","21,685,326,700"
2014-08-22,"32,073","32,766","30,363","31,426","31,823.60","31,090.95","27,135.66","1,980,929","62,541,636,957"
2014-08-21,"32,350","32,350","31,796","32,304","31,685.00","31,051.65","27,059.40","1,042,429","33,480,099,900"
2014-08-20,"32,119","32,350","32,027","32,212","31,444.60","30,947.65","26,986.23","1,218,940","39,248,679,900"
2014-08-19,"31,657","32,119","31,565","31,796","31,148.80","30,889.85","26,916.52","1,497,028","47,806,729,850"
2014-08-18,"31,241","31,657","30,918","31,380","30,936.20","30,808.95","26,851.04","958,578","30,077,021,270"
2014-08-14,"31,241","31,287","30,594","30,733","30,880.60","30,804.30","26,789.03","702,078","21,707,724,626"
2014-08-13,"30,964","31,195","30,825","31,102","30,973.00","30,827.40","26,730.11","768,089","23,859,114,950"
2014-08-12,"31,287","31,287","30,594","30,733","31,111.80","30,781.20","26,669.65","1,094,826","33,822,782,809"
2014-08-11,"31,334","31,472","30,502","30,733","31,250.40","30,737.30","26,613.03","890,028","27,372,801,600"
2014-08-08,"31,241","31,981","30,918","31,102","31,315.00","30,707.25","26,557.19","1,199,237","37,602,136,250"
2014-08-07,"31,796","31,842","30,825","31,195","31,342.80","30,640.25","26,498.28","1,253,829","39,052,533,800"
2014-08-06,"31,518","32,350","31,472","31,796","31,398.20","30,575.55","26,435.88","1,975,071","63,204,100,300"
2014-08-05,"31,241","31,888","30,871","31,426","31,056.20","30,494.65","26,366.94","1,684,595","53,128,069,600"
2014-08-04,"31,287","31,380","30,687","31,056","30,705.00","30,464.60","26,301.47","1,045,234","32,465,592,600"
2014-08-01,"31,056","31,380","30,502","31,241","30,390.80","30,397.60","26,239.47","1,867,926","57,831,260,700"
2014-07-31,"30,178","31,611","30,132","31,472","30,316.80","30,342.15","26,172.07","2,537,862","79,050,702,000"
2014-07-30,"29,947","30,409","29,439","30,086","30,150.40","30,275.15","26,101.21","1,264,845","37,957,147,950"
2014-07-29,"29,485","29,855","28,561","29,670","30,178.00","30,268.20","26,043.43","2,632,619","77,474,076,100"
2014-07-28,"31,056","31,149","29,393","29,485","30,455.20","30,265.90","25,991.44","1,982,696","59,420,985,700"
2014-07-25,"31,102","31,426","30,733","30,871","30,593.80","30,261.30","25,938.68","1,401,589","43,687,811,850"
2014-07-24,"30,548","31,287","30,363","30,640","30,677.00","30,168.90","25,876.68","2,162,480","66,742,665,800"
2014-07-23,"31,287","31,287","30,224","30,224","30,788.00","30,074.20","25,816.22","1,540,752","46,938,954,350"
2014-07-22,"30,502","31,380","30,224","31,056","30,778.80","30,007.20","25,765.77","1,725,048","53,507,551,650"
2014-07-21,"31,287","31,703","29,947","30,178","30,538.60","29,884.75","25,713.01","1,575,949","48,163,508,400"
2014-07-18,"30,964","31,426","30,733","31,287","30,529.40","29,757.65","25,668.33","1,295,704","40,399,744,600"
2014-07-17,"30,455","31,426","30,363","31,195","30,224.40","29,591.30","25,615.19","1,903,037","59,297,563,150"
2014-07-16,"29,762","30,317","29,762","30,178","29,965.60","29,454.95","25,562.43","648,920","19,559,754,300"
2014-07-15,"29,901","30,086","29,485","29,855","29,965.60","29,339.40","25,513.52","877,223","26,194,691,100"
2014-07-14,"29,901","30,271","29,762","30,132","30,159.60","29,237.70","25,467.30","673,381","20,281,305,900"
2014-07-11,"29,855","29,901","29,254","29,762","30,076.40","29,082.90","25,419.16","1,209,348","35,634,695,550"
2014-07-10,"30,502","30,502","29,670","29,901","30,150.40","28,960.45","25,374.87","1,181,109","35,476,901,750"
2014-07-09,"30,687","31,334","29,855","30,178","30,196.60","28,831.05","25,324.42","1,716,922","52,401,238,350"
2014-07-08,"29,855","31,010","29,855","30,825","30,150.40","28,685.50","25,271.66","1,983,606","61,055,939,800"
2014-07-07,"29,947","29,947","29,485","29,716","29,910.20","28,489.10","25,215.05","893,080","26,471,576,600"
2014-07-04,"30,178","30,271","29,670","30,132","29,845.60","28,267.25","25,166.53","864,823","25,997,471,250"
2014-07-03,"29,901","30,132","29,439","30,132","29,623.80","27,999.20","25,115.69","1,110,153","33,219,959,200"
2014-07-02,"29,855","29,993","29,577","29,947","29,346.60","27,747.30","25,063.32","1,090,879","32,584,656,300"
2014-07-01,"29,577","29,762","29,254","29,624","29,134.00","27,495.45","25,008.24","1,176,872","34,853,921,000"
2014-06-30,"29,208","29,577","29,208","29,393","28,930.60","27,268.95","24,952.78","1,216,567","35,848,980,050"
2014-06-27,"28,653","29,439","28,653","29,023","28,579.20","27,104.85","24,898.48","1,568,172","45,798,551,300"
2014-06-26,"28,792","29,069","28,237","28,746","28,366.60","26,975.45","24,851.88","1,634,174","46,974,583,150"
2014-06-25,"28,792","29,069","28,468","28,884","28,311.00","26,855.25","24,807.58","1,626,518","46,956,798,950"
2014-06-24,"27,683","28,930","27,636","28,607","28,107.60","26,714.30","24,759.83","2,139,276","61,330,209,800"
2014-06-23,"28,145","28,191","27,313","27,636","27,950.40","26,598.75","24,715.53","1,068,146","29,536,295,550"
2014-06-20,"28,561","28,792","27,914","27,960","27,830.40","26,552.55","24,676.64","1,826,843","51,656,878,550"
2014-06-19,"27,960","28,607","27,683","28,468","27,701.00","26,478.60","24,634.28","2,259,081","64,113,385,950"
2014-06-18,"28,052","28,098","27,636","27,867","27,470.00","26,346.90","24,587.29","1,394,374","38,792,591,900"
2014-06-17,"27,036","28,098","26,989","27,821","27,350.00","26,236.00","24,546.86","3,032,016","84,208,624,300"
2014-06-16,"27,174","27,220","26,435","27,036","27,165.20","26,122.80","24,504.11","1,489,313","40,044,433,050"
2014-06-13,"27,220","27,498","26,851","27,313","26,813.80","26,055.75","24,468.68","1,183,573","32,219,369,900"
2014-06-12,"27,220","27,359","26,989","27,313","26,305.40","25,988.75","24,430.16","1,926,729","52,569,553,450"
2014-06-11,"27,174","27,590","27,036","27,267","25,861.60","25,889.40","24,388.18","2,785,223","76,188,002,200"
2014-06-10,"25,834","27,082","25,788","26,897","25,390.20","25,799.25","24,350.43","4,143,191","110,424,670,200"
2014-06-09,"24,771","25,649","24,771","25,279","25,029.60","25,734.55","24,316.93","1,262,822","32,024,172,850"
2014-06-05,"24,863","25,141","24,725","24,771","25,196.00","25,734.55","24,296.52","1,589,926","39,505,888,800"
2014-06-03,"24,956","25,141","24,586","25,094","25,528.80","25,764.60","24,279.18","1,617,641","40,385,595,200"
2014-06-02,"25,187","25,372","24,771","24,910","25,778.40","25,780.80","24,250.30","1,588,371","39,701,367,550"
2014-05-30,"26,065","26,111","25,048","25,094","26,009.40","25,803.90","24,222.18","2,795,283","70,662,972,850"
2014-05-29,"26,527","26,527","25,973","26,111","26,249.80","25,836.30","24,196.77","1,044,871","27,273,128,300"
2014-05-28,"26,296","26,527","26,157","26,435","26,370.00","25,836.30","24,167.12","879,241","23,184,791,800"
2014-05-27,"26,157","26,527","26,157","26,342","26,379.20","25,824.75","24,134.77","999,496","26,343,912,050"
2014-05-26,"26,342","26,389","26,019","26,065","26,277.60","25,836.30","24,105.12","1,012,271","26,473,144,400"
2014-05-23,"26,527","26,573","26,019","26,296","26,194.40","25,873.25","24,071.23","1,433,812","37,615,023,650"
2014-05-22,"26,573","26,758","26,481","26,712","26,046.60","25,907.90","24,035.79","1,224,317","32,597,921,600"
2014-05-21,"26,019","26,527","26,019","26,481","25,843.20","25,896.35","23,995.74","1,610,017","42,448,763,350"
2014-05-20,"25,603","25,834","25,557","25,834","25,741.60","25,900.95","23,955.30","1,249,719","31,861,331,450"
2014-05-19,"25,557","25,649","25,279","25,649","25,640.00","25,937.90","23,916.02","1,434,242","35,524,734,550"
2014-05-16,"25,464","25,557","25,326","25,557","25,603.00","25,974.90","23,880.20","1,122,581","28,554,933,700"
2014-05-15,"25,834","26,065","25,603","25,695","25,612.20","26,002.60","23,845.15","885,424","22,835,060,450"
2014-05-14,"25,372","25,973","25,372","25,973","25,529.00","26,028.05","23,810.11","1,016,890","26,169,720,700"
2014-05-13,"25,557","25,695","25,187","25,326","25,408.80","26,011.85","23,774.29","1,379,791","35,129,477,550"
2014-05-12,"25,788","25,880","25,464","25,464","25,427.20","26,030.30","23,741.93","778,634","19,993,356,650"
2014-05-09,"25,094","25,880","25,094","25,603","25,408.80","26,025.70","23,704.58","1,167,321","29,890,033,350"
2014-05-08,"25,418","25,510","25,002","25,279","25,436.60","26,044.20","23,669.53","1,026,518","25,957,286,500"
2014-05-07,"25,557","25,834","25,233","25,372","25,603.00","26,083.50","23,630.63","1,077,492","27,544,615,000"
2014-05-02,"25,418","25,649","25,326","25,418","25,769.40","26,102.00","23,594.82","1,160,833","29,544,585,750"
2014-04-30,"25,742","25,834","25,187","25,372","26,000.40","26,115.85","23,565.93","1,877,086","47,642,703,750"
2014-04-29,"26,157","26,296","25,372","25,742","26,286.80","26,092.75","23,540.90","2,099,414","53,864,106,300"
2014-04-28,"26,296","26,481","26,111","26,111","26,536.20","26,039.60","23,515.09","673,761","17,657,464,200"
2014-04-25,"26,481","26,573","26,065","26,204","26,610.20","25,965.65","23,490.44","1,369,106","35,935,090,250"
2014-04-24,"27,082","27,128","26,342","26,573","26,684.00","25,877.80","23,465.02","1,939,454","51,670,147,650"
2014-04-23,"27,082","27,220","26,573","26,804","26,684.00","25,766.90","23,435.75","1,372,561","36,743,242,050"
2014-04-22,"26,573","27,220","26,481","26,989","26,601.00","25,658.30","23,402.63","2,166,600","58,315,203,450"
2014-04-21,"26,666","26,804","26,342","26,481","26,425.40","25,526.60","23,365.28","648,816","17,172,753,850"
2014-04-18,"26,712","26,897","26,296","26,573","26,370.00","25,411.05","23,332.93","1,059,967","28,170,846,850"
2014-04-17,"26,573","26,989","26,435","26,573","26,185.20","25,297.85","23,299.03","1,588,255","42,444,902,400"
2014-04-16,"26,157","26,527","26,065","26,389","26,009.60","25,154.60","23,269.77","1,345,548","35,420,934,450"
2014-04-15,"26,296","26,435","26,111","26,111","25,806.20","25,009.00","23,243.96","983,086","25,793,015,300"
2014-04-14,"25,788","26,342","25,695","26,204","25,778.60","24,877.30","23,218.16","2,077,385","54,446,755,700"
2014-04-11,"25,233","25,834","24,771","25,649","25,750.80","24,736.35","23,190.43","2,737,892","69,658,001,100"
2014-04-10,"25,464","25,788","25,279","25,695","25,769.40","24,544.55","23,168.86","1,515,989","38,732,970,400"
2014-04-09,"25,880","25,926","25,094","25,372","25,769.40","24,329.65","23,141.90","2,376,960","60,372,574,150"
2014-04-08,"25,788","26,250","25,788","25,973","25,677.00","24,128.60","23,117.25","1,248,626","32,594,822,850"
2014-04-07,"25,788","26,204","25,418","26,065","25,418.20","23,913.70","23,089.13","1,442,247","37,372,700,150"
2014-04-04,"25,603","26,111","25,557","25,742","25,131.60","23,710.35","23,063.72","1,970,592","50,904,189,400"
2014-04-03,"24,817","25,834","24,817","25,695","24,872.60","23,537.00","23,036.37","3,589,449","91,882,539,900"
2014-04-02,"24,910","25,094","24,817","24,910","24,604.60","23,375.25","23,009.03","1,619,918","40,415,222,250"
2014-04-01,"24,632","24,771","24,447","24,679","24,549.00","23,241.20","22,987.84","1,130,634","27,839,160,750"
2014-03-31,"24,494","24,771","24,401","24,632","24,484.20","23,107.15","22,966.27","1,641,217","40,424,855,800"
2014-03-28,"24,309","24,863","24,263","24,447","24,391.80","22,973.15","22,947.02","1,219,857","29,898,895,350"
2014-03-27,"24,632","24,725","24,078","24,355","24,364.20","22,876.10","22,937.39","2,690,818","65,692,520,100"
2014-03-26,"24,447","24,863","24,447","24,632","24,234.80","22,772.10","22,933.54","1,902,638","47,111,982,600"
2014-03-25,"24,032","24,494","23,985","24,355","24,003.80","22,716.65","22,928.15","1,535,284","37,345,741,150"
2014-03-24,"24,355","24,494","23,800","24,170","23,828.20","22,691.25","22,931.23","1,894,404","45,881,439,350"
2014-03-21,"24,032","24,355","23,985","24,309","23,671.20","22,679.70","22,936.24","2,322,681","56,324,623,600"
2014-03-20,"23,246","24,170","23,246","23,708","23,172.00","22,661.20","22,940.09","2,731,721","65,350,698,450"
2014-03-19,"23,523","23,708","23,153","23,477","22,709.80","22,658.90","22,953.96","1,253,116","29,377,997,650"
2014-03-18,"23,246","23,800","23,015","23,477","22,284.60","22,677.40","22,965.13","3,039,348","71,582,203,150"
2014-03-17,"22,322","23,569","22,322","23,385","21,924.20","22,700.50","22,975.91","6,061,282","140,139,790,900"
2014-03-14,"21,166","22,090","21,120","21,813","21,646.80","22,732.85","22,990.15","1,907,559","41,484,430,600"
2014-03-13,"21,351","21,721","21,305","21,397","21,739.20","22,843.80","23,019.03","1,521,321","32,761,192,900"
2014-03-12,"21,490","21,675","21,166","21,351","21,951.80","22,959.35","23,051.00","1,514,481","32,351,036,700"
2014-03-11,"21,998","21,998","21,582","21,675","22,127.40","23,067.95","23,092.59","1,346,371","29,225,191,800"
2014-03-10,"22,275","22,275","21,813","21,998","22,192.00","23,162.65","23,138.42","825,704","18,128,337,000"
2014-03-07,"22,460","22,506","22,229","22,275","22,182.80","23,243.55","23,179.63","740,723","16,551,472,000"
2014-03-06,"22,368","22,691","22,368","22,460","22,229.00","23,287.45","23,212.75","948,179","21,327,541,350"
2014-03-05,"22,322","22,506","22,229","22,229","22,192.00","23,312.90","23,243.95","882,220","19,717,212,100"
2014-03-04,"21,628","22,137","21,628","21,998","22,450.80","23,359.10","23,280.93","1,007,674","22,140,506,450"
2014-03-03,"22,414","22,460","21,767","21,952","22,820.60","23,430.75","23,322.13","1,971,653","43,310,815,000"
2014-02-28,"22,322","22,691","22,275","22,506","23,218.00","23,490.80","23,364.88","2,070,944","46,571,971,250"
2014-02-27,"23,431","23,523","22,090","22,275","23,504.60","23,537.05","23,403.02","6,160,237","138,716,823,250"
2014-02-26,"23,847","23,847","23,246","23,523","23,782.00","23,592.55","23,445.38","1,516,024","35,574,333,750"
2014-02-25,"24,170","24,216","23,800","23,847","23,846.80","23,624.90","23,475.43","860,864","20,630,931,950"
2014-02-24,"23,893","24,124","23,847","23,939","23,865.20","23,668.80","23,503.53","965,421","23,170,256,400"
2014-02-21,"23,754","23,939","23,708","23,939","23,883.80","23,712.70","23,532.42","1,375,137","32,791,907,600"
2014-02-20,"23,847","23,893","23,616","23,662","23,902.40","23,761.25","23,554.76","1,843,063","43,685,382,600"
2014-02-19,"24,032","24,078","23,800","23,847","23,911.60","23,821.30","23,574.78","1,356,185","32,333,835,300"
2014-02-18,"24,078","24,216","23,708","23,939","23,846.80","23,844.40","23,595.97","1,584,512","37,815,314,450"
2014-02-17,"24,263","24,401","23,939","24,032","23,772.80","23,862.90","23,618.31","1,505,556","36,299,556,600"
2014-02-14,"23,939","24,309","23,800","24,032","23,689.60","23,879.05","23,642.57","1,797,896","43,271,297,210"
2014-02-13,"23,616","23,893","23,569","23,708","23,513.80","23,899.80","23,666.06","1,222,235","29,073,648,050"
2014-02-12,"23,754","23,847","23,385","23,523","23,366.00","23,906.75","23,692.25","1,000,874","23,585,587,150"
2014-02-11,"23,754","23,893","23,477","23,569","23,292.00","23,922.95","23,717.67","1,259,195","29,740,607,000"
2014-02-10,"23,338","23,800","23,338","23,616","23,264.40","23,946.10","23,739.23","1,928,816","45,578,931,150"
2014-02-07,"23,107","23,431","23,015","23,153","23,171.80","23,959.95","23,762.34","1,772,885","41,094,303,500"
2014-02-06,"23,107","23,338","22,830","22,969","23,227.40","24,003.90","23,790.08","1,928,505","44,365,187,050"
2014-02-05,"23,431","23,523","23,061","23,153","23,310.60","24,047.80","23,821.27","1,497,191","34,817,219,200"
2014-02-04,"22,738","23,431","22,645","23,431","23,514.00","24,057.05","23,851.31","2,066,149","47,780,935,500"
2014-02-03,"23,200","23,292","23,015","23,153","23,772.80","24,033.95","23,874.42","1,529,472","35,347,156,000"
2014-01-29,"23,569","23,708","23,246","23,431","24,105.60","24,020.10","23,899.07","1,880,664","44,160,057,600"
2014-01-28,"23,847","23,893","22,969","23,385","24,401.40","24,020.10","23,921.02","4,098,272","95,395,451,550"
2014-01-27,"24,216","24,494","24,032","24,170","24,697.00","24,022.40","23,940.66","1,683,329","40,829,157,850"
2014-01-24,"24,494","24,863","23,847","24,725","24,724.80","23,971.55","23,955.29","3,550,691","86,607,482,700"
2014-01-23,"24,956","25,002","24,586","24,817","24,641.60","23,899.90","23,964.92","1,920,379","47,519,098,400"
2014-01-22,"24,956","25,233","24,817","24,910","24,549.20","23,807.50","23,974.16","2,415,527","60,459,935,500"
2014-01-21,"24,494","24,956","24,494","24,863","24,456.60","23,705.80","23,985.33","2,670,302","66,267,539,350"
2014-01-20,"24,494","24,494","24,124","24,309","24,253.40","23,604.15","23,994.96","946,559","23,009,683,650"
2014-01-17,"24,447","24,632","24,309","24,309","24,161.00","23,539.45","24,004.20","1,052,303","25,702,793,700"
2014-01-16,"24,494","24,725","24,355","24,355","24,105.60","23,458.55","24,009.59","1,591,257","39,105,245,600"
2014-01-15,"24,078","24,494","23,754","24,447","24,013.20","23,380.00","24,011.52","2,565,383","62,012,277,800"
2014-01-14,"23,708","23,985","23,662","23,847","23,930.20","23,292.20","24,015.38","1,119,111","26,671,728,250"
2014-01-13,"24,263","24,355","23,847","23,847","23,930.20","23,213.60","24,030.78","1,600,196","38,492,204,150"
2014-01-10,"24,032","24,170","23,569","24,032","23,828.40","23,158.15","24,045.03","1,894,207","45,260,862,150"
2014-01-09,"23,893","24,124","23,800","23,893","23,615.80","23,100.35","24,061.20","1,814,819","43,516,420,350"
2014-01-08,"24,032","24,263","23,893","24,032","23,412.40","23,047.20","24,080.84","2,482,772","59,798,715,800"
2014-01-07,"23,246","24,032","23,200","23,847","23,292.20","22,980.15","24,100.87","3,131,974","74,768,440,050"
2014-01-06,"23,015","23,523","23,015","23,338","23,209.00","22,869.20","24,115.50","1,855,450","43,334,474,850"
2014-01-03,"22,784","23,200","22,645","22,969","23,172.00","22,779.10","24,133.60","1,516,315","34,756,532,050"
2014-01-02,"23,523","23,616","22,830","22,876","23,236.60","22,732.85","24,146.69","1,666,378","38,572,353,750"
2013-12-30,"23,523","23,523","23,153","23,431","23,255.20","22,716.70","24,159.40","1,254,059","29,290,427,850"
2013-12-27,"23,292","23,477","23,107","23,431","23,144.20","22,672.80","24,171.33","1,149,545","26,806,530,700"
2013-12-26,"23,385","23,477","23,153","23,153","23,024.00","22,640.45","24,181.34","1,263,456","29,446,740,200"
2013-12-24,"23,246","23,569","23,153","23,292","22,996.40","22,582.70","24,196.75","2,114,323","49,418,854,100"
2013-12-23,"23,015","23,292","22,969","22,969","22,876.20","22,520.30","24,214.85","1,661,215","38,370,671,100"
2013-12-20,"22,876","23,061","22,784","22,876","22,839.20","22,467.15","24,234.88","1,145,619","26,236,457,150"
2013-12-19,"23,292","23,338","22,830","22,830","22,802.20","22,404.75","24,254.90","1,401,594","32,333,426,700"
2013-12-18,"22,876","23,061","22,691","23,015","22,691.20","22,319.25","24,268.38","1,460,580","33,524,046,600"
2013-12-17,"22,830","23,015","22,553","22,691","22,635.80","22,236.05","24,276.46","1,293,820","29,474,224,150"
2013-12-16,"22,691","23,153","22,645","22,784","22,672.80","22,169.05","24,291.09","1,477,748","33,899,438,650"
2013-12-13,"22,275","22,691","22,090","22,691","22,682.00","22,104.35","24,314.20","1,447,811","32,567,523,350"
2013-12-12,"22,599","22,784","22,275","22,275","22,682.00","22,053.55","24,344.24","1,910,418","42,788,204,950"
2013-12-11,"22,830","23,385","22,691","22,738","22,552.60","22,011.95","24,387.38","2,338,147","53,880,051,900"
2013-12-10,"22,738","22,876","22,599","22,876","22,312.20","21,924.10","24,429.35","1,528,896","34,813,933,650"
2013-12-09,"23,015","23,061","22,645","22,830","22,145.80","21,850.15","24,468.63","1,616,623","36,931,136,350"
2013-12-06,"21,813","22,969","21,767","22,691","22,090.40","21,739.25","24,516.00","4,182,484","94,605,281,400"
2013-12-05,"21,628","22,044","21,536","21,628","22,062.80","21,658.40","24,564.53","1,104,531","23,994,396,300"
2013-12-04,"21,813","21,952","21,490","21,536","22,294.00","21,674.60","24,623.45","1,345,124","29,128,184,100"
2013-12-03,"22,368","22,460","21,767","22,044","22,386.40","21,716.20","24,686.61","1,520,284","33,508,430,800"
2013-12-02,"22,691","22,876","22,322","22,553","22,386.40","21,746.25","24,745.92","1,072,232","24,153,669,300"
2013-11-29,"22,830","22,922","22,506","22,553","22,257.00","21,776.25","24,793.28","1,168,900","26,500,791,400"
2013-11-28,"22,183","23,015","22,090","22,784","22,072.00","21,806.25","24,845.28","2,962,009","67,255,309,750"
2013-11-27,"22,044","22,183","21,813","21,998","21,739.20","21,820.10","24,901.12","1,091,651","24,010,631,400"
2013-11-26,"21,859","22,044","21,582","22,044","21,609.80","21,861.70","24,963.89","1,081,246","23,637,095,050"
2013-11-25,"21,859","22,137","21,813","21,906","21,471.20","21,884.80","25,022.43","1,451,985","31,931,392,150"
2013-11-22,"21,351","21,721","21,259","21,628","21,388.00","21,919.45","25,082.89","1,667,706","35,976,379,950"
2013-11-21,"21,490","21,582","21,074","21,120","21,397.40","21,963.35","25,141.82","1,166,657","24,796,791,000"
2013-11-20,"21,212","21,536","21,120","21,351","21,462.00","22,060.40","25,196.12","877,157","18,704,739,500"
2013-11-19,"21,351","21,490","21,120","21,351","21,388.00","22,157.45","25,245.42","1,534,440","32,680,172,550"
2013-11-18,"21,767","21,813","21,259","21,490","21,397.20","22,240.65","25,293.56","1,154,069","24,693,506,750"
2013-11-15,"21,721","21,859","21,628","21,675","21,221.60","22,309.95","25,341.70","1,294,924","28,141,823,850"
2013-11-14,"21,028","21,721","21,028","21,443","21,101.40","22,379.25","25,388.30","1,871,995","40,229,656,400"
2013-11-13,"21,490","21,721","20,935","20,981","21,203.20","22,430.10","25,440.30","1,541,744","32,665,647,350"
2013-11-12,"20,750","21,536","20,704","21,397","21,480.60","22,501.75","25,501.15","2,787,281","59,381,612,400"
2013-11-11,"21,120","21,212","20,149","20,612","21,730.20","22,561.85","25,560.85","3,165,365","65,205,057,200"
2013-11-08,"21,675","21,859","20,935","21,074","22,238.40","22,682.00","25,621.31","4,701,429","99,773,527,700"
2013-11-07,"22,414","22,506","21,952","21,952","22,654.20","22,751.30","25,679.46","1,769,251","39,138,042,200"
2013-11-06,"22,784","22,830","22,322","22,368","22,876.00","22,774.40","25,723.75","1,971,303","44,272,998,430"
2013-11-05,"23,246","23,292","22,645","22,645","22,968.40","22,774.40","25,761.49","1,471,057","33,604,497,400"
2013-11-04,"23,292","23,477","23,015","23,153","22,940.60","22,746.65","25,798.47","1,474,245","34,324,190,400"
2013-11-01,"23,338","23,385","23,061","23,153","22,829.80","22,705.10","25,826.97","1,519,765","35,304,064,300"
2013-10-31,"22,691","23,385","22,645","23,061","22,700.40","22,712.05","25,858.17","2,614,981","60,548,246,000"
2013-10-30,"22,599","22,830","22,460","22,830","22,700.40","22,753.65","25,892.06","1,621,555","36,760,953,500"
2013-10-29,"22,645","22,691","22,322","22,506","22,792.80","22,811.40","25,928.64","1,560,590","35,040,364,750"
2013-10-28,"22,506","22,738","22,414","22,599","22,894.60","22,922.35","25,966.39","1,064,254","24,054,297,100"
2013-10-25,"23,153","23,200","22,460","22,506","22,950.00","23,030.95","26,008.76","2,613,468","59,200,259,450"
2013-10-24,"23,338","23,385","22,876","23,061","23,061.00","23,144.20","26,052.67","2,143,004","49,336,026,500"
2013-10-23,"23,338","23,662","23,107","23,292","22,940.80","23,259.75","26,095.80","4,249,951","99,397,036,750"
2013-10-22,"23,061","23,385","22,922","23,015","22,765.20","23,336.00","26,135.08","2,474,127","57,151,425,850"
2013-10-21,"23,246","23,338","22,738","22,876","22,682.00","23,423.80","26,175.91","2,027,142","46,461,633,950"
2013-10-18,"22,830","23,385","22,784","23,061","22,709.80","23,534.70","26,217.12","3,884,197","89,626,098,400"
2013-10-17,"22,691","22,738","22,322","22,460","22,589.60","23,645.60","26,259.48","2,226,833","50,133,009,850"
2013-10-16,"22,599","22,784","22,229","22,414","22,580.40","23,784.25","26,301.85","2,177,293","48,853,122,700"
2013-10-15,"23,061","23,292","22,460","22,599","22,571.20","23,980.65","26,344.60","4,172,638","95,188,901,550"
2013-10-14,"22,599","23,246","22,506","23,015","22,469.40","24,209.40","26,397.36","4,869,890","111,999,590,500"
2013-10-11,"22,784","22,830","22,368","22,460","22,330.80","24,405.80","26,446.65","2,853,903","64,360,851,900"
2013-10-10,"22,229","22,876","22,229","22,414","22,497.20","24,595.30","26,502.49","3,444,835","77,772,044,100"
2013-10-08,"22,183","22,506","21,952","22,368","22,793.00","24,784.80","26,560.26","3,445,453","76,697,237,050"
2013-10-07,"22,322","22,691","21,906","22,090","23,116.40","24,999.70","26,619.95","5,356,342","119,386,691,600"
2013-10-04,"23,200","23,246","22,137","22,322","23,643.40","25,242.35","26,673.48","6,220,600","139,696,825,800"
2013-10-02,"24,170","24,263","23,107","23,292","24,133.20","25,480.35","26,715.84","5,933,142","138,917,023,100"
2013-10-01,"23,800","24,263","23,754","23,893","24,429.00","25,669.85","26,752.82","2,521,000","60,427,405,150"
2013-09-30,"24,679","24,725","23,985","23,985","24,724.80","25,843.15","26,787.48","4,492,985","108,493,874,700"
2013-09-27,"24,956","25,094","24,679","24,725","24,891.20","26,000.30","26,823.68","2,271,244","56,450,912,100"
2013-09-26,"24,771","24,956","24,632","24,771","24,900.40","26,125.05","26,857.58","2,106,361","52,251,933,850"
2013-09-25,"25,326","25,464","24,632","24,771","24,965.00","26,256.75","26,894.93","3,577,630","89,010,533,250"
2013-09-24,"25,464","25,649","25,141","25,372","25,066.60","26,349.20","26,933.45","3,847,779","97,859,165,250"
2013-09-23,"24,956","25,187","24,679","24,817","25,038.80","26,383.85","26,967.73","2,746,781","68,368,067,800"
2013-09-17,"24,910","25,002","24,632","24,771","25,343.80","26,462.45","27,009.71","3,545,403","87,789,494,250"
2013-09-16,"25,464","25,557","25,048","25,094","25,824.40","26,554.90","27,051.68","2,731,677","68,889,873,700"
2013-09-13,"25,326","25,649","25,141","25,279","26,194.20","26,647.35","27,089.04","3,406,673","86,321,765,000"
2013-09-12,"26,019","26,111","25,048","25,233","26,388.40","26,725.95","27,121.78","8,099,526","205,771,797,450"
2013-09-11,"27,128","27,128","26,157","26,342","26,582.60","26,806.85","27,153.75","4,082,042","107,837,318,450"
2013-09-10,"26,989","27,359","26,804","27,174","26,647.40","26,818.40","27,174.93","1,836,702","49,659,084,450"
2013-09-09,"26,389","26,943","26,342","26,943","26,601.20","26,767.55","27,188.80","1,774,916","47,349,687,150"
2013-09-06,"26,342","26,527","26,065","26,250","26,629.00","26,739.85","27,214.22","1,604,599","42,091,531,250"
2013-09-05,"26,666","26,712","26,065","26,204","26,795.40","26,751.40","27,241.56","2,921,101","76,664,789,800"
2013-09-04,"26,943","26,943","26,296","26,666","27,026.40","26,776.80","27,271.59","1,895,025","50,249,511,550"
2013-09-03,"27,313","27,359","26,712","26,943","27,118.80","26,781.40","27,303.94","1,515,468","40,784,082,600"
2013-09-02,"27,082","27,590","26,897","27,082","27,174.20","26,744.45","27,328.21","1,403,213","38,199,021,700"
2013-08-30,"27,498","27,683","26,804","27,082","27,238.80","26,695.90","27,349.00","1,355,652","36,683,173,200"
2013-08-29,"27,359","27,498","27,128","27,359","27,146.40","26,645.05","27,371.33","1,119,724","30,618,556,700"
2013-08-28,"26,666","27,267","26,620","27,128","26,887.60","26,564.20","27,386.74","1,397,652","37,721,159,050"
2013-08-27,"27,359","27,821","27,220","27,220","26,739.80","26,504.10","27,403.30","1,610,585","44,345,971,700"
2013-08-26,"26,804","27,544","26,666","27,405","26,619.80","26,437.10","27,415.24","1,871,640","51,026,450,100"
2013-08-23,"26,296","26,943","26,157","26,620","26,527.40","26,363.15","27,417.17","1,336,471","35,564,235,900"
2013-08-22,"26,019","26,435","25,788","26,065","26,573.60","26,344.65","27,426.41","1,282,692","33,569,221,450"
2013-08-21,"26,758","26,804","26,389","26,389","26,730.80","26,342.35","27,444.51","1,206,313","31,994,271,250"
2013-08-20,"26,712","27,267","26,481","26,620","26,767.60","26,293.80","27,462.99","1,534,155","41,268,217,100"
2013-08-19,"26,989","27,313","26,851","26,943","26,675.00","26,210.60","27,479.17","852,889","23,091,815,000"
2013-08-16,"26,435","27,036","26,389","26,851","26,564.20","26,092.75","27,492.26","1,411,854","37,825,765,450"
2013-08-14,"26,804","27,359","26,666","26,851","26,490.20","25,995.70","27,505.73","1,629,124","44,030,324,450"
2013-08-13,"26,296","26,758","26,250","26,573","26,462.40","25,937.90","27,521.13","1,294,777","34,466,957,950"
2013-08-12,"26,111","26,389","25,926","26,157","26,499.40","25,887.10","27,537.31","1,016,147","26,539,702,450"
2013-08-09,"26,342","26,481","26,111","26,389","26,508.80","25,877.90","27,545.40","940,041","24,743,228,250"
2013-08-08,"26,712","26,897","26,157","26,481","26,453.20","25,870.95","27,550.40","1,373,517","36,365,321,250"
2013-08-07,"26,620","26,989","26,435","26,712","26,370.00","25,868.65","27,556.18","1,702,139","45,596,515,100"
2013-08-06,"26,204","27,036","26,204","26,758","26,176.00","25,813.20","27,559.64","2,956,391","79,344,635,300"
2013-08-05,"26,065","26,342","25,880","26,204","26,009.60","25,750.80","27,563.88","921,724","24,128,597,800"
2013-08-02,"26,389","26,481","26,019","26,111","25,944.80","25,667.60","27,570.04","810,001","21,242,078,600"
2013-08-01,"25,695","26,157","25,464","26,065","25,907.80","25,582.10","27,576.59","1,072,276","27,792,862,250"
2013-07-31,"25,834","26,065","25,649","25,742","25,944.80","25,522.00","27,580.44","875,196","22,565,489,450"
2013-07-30,"25,880","25,973","25,603","25,926","26,000.20","25,466.50","27,585.83","884,735","22,817,603,400"
2013-07-29,"25,834","26,204","25,557","25,880","25,898.60","25,420.30","27,582.76","1,203,640","31,212,788,300"
2013-07-26,"26,065","26,111","25,742","25,926","25,713.80","25,399.50","27,583.92","1,205,973","31,321,115,050"
2013-07-25,"25,926","26,389","25,880","26,250","25,445.80","25,371.80","27,588.16","1,893,792","49,573,979,350"
2013-07-24,"25,742","26,204","25,510","26,019","25,177.80","25,323.25","27,595.09","2,963,851","77,045,509,750"
2013-07-23,"24,956","25,603","24,863","25,418","25,113.00","25,244.65","27,600.48","2,949,604","74,774,465,700"
2013-07-22,"24,679","25,094","24,679","24,956","25,140.80","25,173.00","27,610.11","2,152,123","53,577,343,700"
2013-07-19,"25,510","25,557","24,494","24,586","25,344.20","25,147.55","27,617.81","4,674,798","116,244,123,500"
2013-07-18,"25,464","25,649","24,863","24,910","25,677.00","25,196.10","27,627.44","3,362,521","84,385,228,300"
2013-07-17,"25,695","25,742","25,141","25,695","25,982.00","25,265.40","27,639.77","1,646,017","42,024,409,450"
2013-07-16,"25,973","25,973","25,372","25,557","25,963.60","25,353.20","27,648.24","1,209,990","30,902,530,850"
2013-07-15,"26,065","26,065","25,326","25,973","25,954.20","25,464.10","27,660.95","1,824,360","46,857,737,500"
2013-07-12,"26,435","26,527","25,926","26,250","25,667.60","25,544.95","27,664.03","1,202,491","31,537,904,650"
2013-07-11,"25,788","26,435","25,742","26,435","25,297.80","25,658.15","27,667.11","1,748,478","45,885,110,550"
2013-07-10,"25,418","26,065","25,187","25,603","24,983.40","25,762.10","27,665.57","2,189,222","56,166,297,450"
2013-07-09,"24,540","25,695","24,401","25,510","24,789.20","25,916.90","27,663.64","3,198,020","81,058,606,150"
2013-07-08,"24,401","24,586","23,662","24,540","24,687.60","26,097.15","27,665.96","2,057,401","49,693,323,250"
2013-07-05,"25,279","25,279","24,032","24,401","24,872.40","26,328.20","27,684.06","2,967,752","72,590,892,500"
2013-07-04,"24,632","25,002","23,847","24,863","25,066.60","26,520.00","27,708.33","2,281,316","55,524,726,400"
2013-07-03,"25,094","25,510","24,494","24,632","25,149.80","26,716.45","27,731.05","2,272,466","56,839,224,140"
2013-07-02,"25,141","26,296","24,863","25,002","25,112.80","26,959.10","27,755.70","2,633,864","66,150,858,700"
2013-07-01,"24,817","25,557","24,679","25,464","24,909.40","27,185.55","27,773.80","1,912,914","48,000,434,600"
2013-06-28,"25,603","25,926","25,279","25,372","24,706.00","27,365.80","27,793.06","2,403,107","61,321,948,450"
2013-06-27,"24,910","25,649","24,863","25,279","24,743.00","27,555.25","27,819.24","3,160,900","80,136,714,650"
2013-06-26,"24,355","24,725","24,263","24,447","24,946.40","27,726.25","27,852.37","2,127,537","52,074,495,900"
2013-06-25,"24,216","24,771","23,662","23,985","25,547.20","27,885.70","27,891.27","3,105,290","75,372,639,250"
2013-06-24,"25,695","25,742","24,447","24,447","26,305.20","28,049.80","27,930.55","2,162,861","54,073,473,650"
2013-06-21,"25,094","25,649","24,725","25,557","26,933.80","28,183.85","27,965.22","4,612,092","116,449,841,750"
2013-06-20,"27,082","27,082","26,157","26,296","27,525.20","28,269.35","27,982.16","3,134,788","83,235,668,000"
2013-06-19,"28,052","28,052","27,313","27,451","27,968.80","28,317.90","27,991.78","1,412,192","38,992,666,050"
2013-06-18,"27,821","27,914","27,036","27,775","28,218.40","28,329.50","27,996.03","2,006,177","55,292,205,700"
2013-06-17,"28,376","28,561","27,313","27,590","28,486.40","28,354.90","28,006.04","2,363,021","65,504,165,700"
2013-06-14,"29,023","29,023","28,283","28,514","28,800.60","28,403.45","28,019.13","1,411,439","40,383,603,350"
2013-06-13,"28,514","29,115","28,237","28,514","28,745.20","28,371.10","28,018.75","1,963,730","56,251,967,500"
2013-06-12,"28,930","28,977","28,376","28,699","28,800.80","28,348.00","28,025.30","2,019,633","57,781,334,150"
2013-06-11,"29,254","29,577","28,930","29,115","28,958.00","28,276.40","28,040.33","2,096,111","61,269,414,050"
2013-06-10,"28,468","29,393","28,422","29,161","29,041.20","28,165.50","28,049.57","2,163,575","63,014,919,100"
2013-06-07,"28,838","29,023","27,914","28,237","29,022.80","28,061.55","28,071.53","2,920,236","82,859,246,750"
2013-06-05,"29,208","29,485","28,607","28,792","29,207.60","27,978.35","28,103.11","2,008,777","58,093,495,750"
2013-06-04,"29,716","29,762","29,208","29,485","29,189.00","27,883.60","28,135.84","1,933,372","56,915,498,500"
2013-06-03,"28,930","29,855","28,930","29,531","28,819.20","27,765.75","28,160.49","2,673,496","79,177,680,400"
2013-05-31,"29,254","29,577","28,930","29,069","28,366.40","27,650.20","28,186.68","2,424,147","70,939,945,950"
2013-05-30,"28,653","29,531","28,653","29,161","27,978.20","27,548.55","28,210.56","4,202,543","122,956,330,000"
2013-05-29,"27,867","28,930","27,867","28,699","27,599.40","27,474.65","28,231.74","4,949,935","141,221,837,500"
2013-05-28,"27,174","27,821","27,082","27,636","27,313.00","27,428.45","28,259.09","1,934,279","53,329,483,400"
2013-05-27,"27,036","27,405","26,989","27,267","27,322.40","27,458.50","28,293.76","1,019,987","27,763,608,050"
2013-05-24,"27,544","27,544","26,851","27,128","27,525.60","27,495.45","28,341.90","1,279,350","34,745,919,850"
2013-05-23,"27,036","27,821","27,036","27,267","27,812.20","27,534.75","28,394.66","1,842,735","50,508,071,900"
2013-05-22,"27,683","27,821","27,128","27,267","27,932.20","27,562.45","28,443.18","2,861,492","78,192,095,500"
2013-05-21,"28,237","28,330","27,405","27,683","28,089.20","27,606.35","28,494.78","3,144,803","87,046,631,950"
2013-05-20,"28,653","28,838","28,191","28,283","28,006.00","27,599.40","28,539.84","1,383,130","39,270,454,500"
2013-05-16,"28,052","28,746","27,821","28,561","27,728.80","27,562.45","28,574.51","2,541,035","72,294,054,750"
2013-05-15,"28,098","28,191","27,775","27,867","27,433.00","27,580.90","28,614.18","1,498,785","41,837,689,170"
2013-05-14,"27,267","28,145","27,267","28,052","27,174.20","27,634.05","28,648.84","3,065,469","85,487,138,150"
2013-05-13,"26,804","27,313","26,712","27,267","26,943.20","27,689.50","28,677.34","1,106,592","29,971,669,750"
2013-05-10,"27,267","27,405","26,804","26,897","26,915.40","27,793.45","28,713.93","1,894,037","51,377,664,350"
2013-05-09,"26,897","27,267","26,851","27,082","26,980.00","27,925.15","28,758.98","2,078,244","56,261,514,600"
2013-05-08,"26,897","26,897","26,481","26,573","26,970.80","27,996.75","28,803.28","2,092,074","55,634,915,200"
2013-05-07,"27,082","27,220","26,620","26,897","27,192.80","28,038.35","28,854.12","1,927,482","51,640,337,150"
2013-05-06,"27,590","27,636","26,989","27,128","27,368.40","28,079.95","28,902.64","1,382,571","37,689,282,400"
2013-05-03,"27,359","27,405","26,989","27,220","27,590.20","28,126.15","28,954.63","1,405,227","38,205,159,050"
2013-05-02,"27,683","27,683","26,943","27,036","27,747.40","28,181.65","29,006.24","1,954,930","53,007,389,900"
2013-04-30,"28,006","28,098","27,451","27,683","27,923.00","28,269.45","29,051.30","2,487,891","68,842,274,650"
2013-04-29,"28,145","28,191","27,636","27,775","27,950.60","28,348.00","29,088.27","1,296,321","36,076,626,400"
2013-04-26,"28,330","28,746","28,145","28,237","28,024.60","28,428.90","29,121.39","1,887,316","53,509,271,250"
2013-04-25,"28,052","28,283","27,775","28,006","27,886.00","28,491.30","29,141.03","1,465,663","41,067,792,650"
2013-04-24,"28,052","28,145","27,544","27,914","27,793.60","28,583.75","29,157.21","2,295,209","63,770,249,750"
2013-04-23,"28,561","28,561","27,636","27,821","27,996.80","28,678.45","29,174.93","2,348,496","65,555,819,500"
2013-04-22,"27,544","28,191","27,498","28,145","28,218.60","28,766.25","29,193.03","1,939,809","54,173,650,300"
2013-04-19,"27,313","27,867","27,082","27,544","28,421.80","28,819.40","29,190.71","2,310,594","63,488,348,700"
2013-04-18,"28,283","28,283","27,405","27,544","28,782.20","28,895.65","29,196.10","4,415,283","122,520,176,600"
2013-04-17,"29,300","29,346","28,746","28,930","29,179.60","28,962.65","29,201.49","1,470,182","42,617,416,000"
2013-04-16,"28,699","29,393","28,237","28,930","29,096.40","28,958.05","29,191.87","3,218,212","92,616,178,800"
2013-04-15,"29,115","29,439","28,561","29,161","28,791.40","29,011.20","29,178.01","1,539,200","44,657,085,600"
2013-04-12,"29,947","29,947","29,208","29,346","28,505.00","29,029.70","29,161.07","2,512,595","74,344,373,550"
2013-04-11,"29,023","29,670","28,977","29,531","28,246.20","29,052.80","29,144.51","2,795,122","82,333,030,250"
2013-04-10,"27,960","28,746","27,775","28,514","28,006.00","29,103.65","29,123.33","2,180,920","62,009,759,300"
2013-04-09,"27,636","28,052","26,897","27,405","28,061.60","29,170.70","29,104.08","2,175,164","59,550,315,650"
2013-04-08,"28,191","28,422","27,683","27,729","28,431.40","29,279.30","29,084.05","1,421,481","39,804,440,900"
2013-04-05,"28,376","28,561","27,683","28,052","28,764.20","29,380.95","29,062.09","1,776,135","49,710,954,000"
2013-04-04,"28,746","28,977","27,821","28,330","29,050.80","29,438.75","29,036.68","2,022,184","57,165,660,200"
2013-04-03,"29,254","29,531","28,653","28,792","29,355.80","29,478.00","29,005.48","2,046,918","59,142,739,000"
2013-04-02,"29,254","29,762","29,069","29,254","29,559.00","29,471.05","28,968.50","1,182,286","34,770,264,600"
2013-04-01,"29,670","29,670","29,300","29,393","29,623.60","29,390.15","28,928.44","960,412","28,247,023,550"
2013-03-29,"29,993","29,993","29,300","29,485","29,586.60","29,306.95","28,890.31","1,778,911","52,508,070,550"
2013-03-28,"30,086","30,178","29,577","29,855","29,503.40","29,244.55","28,861.04","1,265,493","37,896,142,500"
2013-03-27,"29,947","30,086","29,670","29,808","29,309.20","29,182.15","28,832.54","1,363,065","40,777,767,050"
2013-03-26,"29,208","29,808","29,161","29,577","29,115.20","29,119.80","28,802.51","1,488,318","43,998,283,450"
2013-03-25,"29,531","29,577","28,884","29,208","29,198.40","29,066.65","28,770.16","1,330,920","38,850,674,000"
2013-03-22,"28,884","29,439","28,838","29,069","29,263.00","29,029.65","28,741.66","1,088,525","31,779,004,100"
2013-03-21,"29,115","29,300","28,838","28,884","29,410.80","29,011.15","28,717.01","1,290,830","37,512,334,700"
2013-03-20,"29,993","29,993","28,792","28,838","29,743.60","28,992.65","28,700.07","2,360,289","69,070,035,750"
2013-03-19,"29,716","30,086","29,670","29,993","29,947.00","28,907.15","28,679.27","1,837,445","54,970,803,000"
2013-03-18,"29,531","29,947","29,439","29,531","29,863.80","28,756.95","28,655.01","1,687,077","49,989,317,900"
2013-03-15,"30,548","30,594","29,808","29,808","29,910.00","28,639.10","28,635.37","2,203,700","66,412,625,050"
2013-03-14,"30,040","30,640","29,855","30,548","29,790.00","28,505.10","28,609.57","2,780,887","84,105,371,250"
2013-03-13,"29,577","30,178","29,531","29,855","29,503.40","28,341.05","28,574.91","2,037,673","60,990,688,300"
2013-03-12,"29,762","29,901","29,577","29,577","29,263.00","28,195.45","28,544.48","1,492,274","44,407,960,000"
2013-03-11,"29,023","29,947","29,023","29,762","28,874.80","28,061.45","28,506.36","3,039,031","89,974,440,650"
2013-03-08,"29,300","29,624","28,977","29,208","28,468.20","27,899.70","28,470.93","2,626,734","77,123,443,850"
2013-03-07,"28,930","30,224","28,838","29,115","28,274.00","27,758.75","28,437.03","5,822,867","171,735,483,400"
2013-03-06,"28,098","28,746","28,052","28,653","28,172.40","27,580.85","28,405.84","3,242,270","92,302,578,000"
2013-03-05,"28,006","28,191","27,636","27,636","28,154.00","27,449.15","28,379.27","2,432,934","67,784,116,900"
2013-03-04,"28,283","28,283","27,590","27,729","28,329.60","27,389.10","28,356.93","2,483,237","69,006,673,000"
2013-02-28,"28,884","28,977","28,052","28,237","28,477.40","27,356.75","28,331.52","2,875,690","81,388,969,400"
2013-02-27,"28,607","28,792","28,376","28,607","28,569.80","27,278.20","28,301.09","1,608,315","45,968,006,300"
2013-02-26,"28,191","28,653","27,960","28,561","28,551.20","27,176.50","28,263.35","1,601,501","45,370,877,000"
2013-02-25,"28,653","28,746","28,283","28,514","28,264.60","27,042.45","28,225.22","1,345,395","38,376,670,800"
2013-02-22,"28,561","28,653","28,098","28,468","27,959.60","26,903.85","28,189.79","2,413,213","68,465,363,850"
2013-02-21,"28,330","29,023","28,145","28,699","27,700.80","26,799.90","28,158.98","2,790,816","79,699,504,950"
2013-02-20,"27,498","28,607","27,498","28,514","27,386.60","26,700.55","28,126.25","5,198,303","146,695,341,500"
2013-02-19,"26,897","27,359","26,897","27,128","27,137.20","26,628.95","28,095.83","1,151,329","31,285,430,700"
2013-02-18,"27,313","27,313","26,620","26,989","27,100.20","26,589.65","28,068.48","1,933,694","52,001,523,550"
2013-02-15,"27,313","27,683","27,082","27,174","27,081.80","26,571.20","28,047.30","1,819,768","49,877,653,900"
2013-02-14,"27,313","27,359","27,082","27,128","26,952.40","26,525.00","28,028.43","1,219,860","33,147,081,530"
2013-02-13,"27,267","27,498","27,036","27,267","26,804.60","26,437.20","28,007.63","2,141,515","58,365,310,900"
2013-02-12,"26,897","27,313","26,620","26,943","26,462.60","26,363.25","27,987.60","1,753,846","47,521,380,200"
2013-02-08,"26,435","27,082","26,065","26,897","26,277.80","26,351.70","27,971.04","2,266,522","60,684,172,950"
2013-02-07,"26,527","27,128","26,204","26,527","26,185.40","26,372.50","27,949.86","2,294,475","61,404,579,350"
2013-02-06,"25,880","26,573","25,742","26,389","26,296.40","26,425.65","27,931.76","2,334,011","61,380,846,370"
2013-02-05,"25,695","26,019","25,418","25,557","26,351.80","26,485.70","27,910.58","1,948,221","50,012,525,150"
2013-02-04,"26,666","26,758","25,742","26,019","26,555.00","26,566.55","27,897.87","1,839,329","48,364,487,750"
2013-02-01,"27,082","27,174","26,296","26,435","26,527.20","26,654.35","27,875.53","2,419,257","64,285,106,500"
2013-01-31,"26,620","27,082","26,389","27,082","26,388.60","26,758.30","27,844.72","2,349,404","63,157,460,350"
2013-01-30,"26,758","27,036","26,435","26,666","26,250.00","26,866.90","27,809.28","2,065,786","55,304,063,780"
2013-01-29,"26,204","26,758","26,065","26,573","26,259.20","26,989.35","27,780.78","2,801,998","74,384,111,350"
2013-01-28,"25,603","26,065","25,418","25,880","26,361.00","27,095.65","27,750.36","2,223,549","57,407,828,000"
2013-01-25,"26,481","26,527","25,510","25,742","26,453.40","27,232.00","27,719.17","3,154,028","81,386,210,650"
2013-01-24,"26,342","26,481","25,880","26,389","26,629.00","27,324.40","27,691.05","3,800,223","99,427,899,700"
2013-01-23,"27,082","27,267","26,666","26,712","26,601.20","27,377.50","27,659.47","2,024,181","54,544,931,600"
2013-01-22,"26,296","27,220","26,250","27,082","26,333.20","27,439.90","27,619.42","3,916,695","105,724,978,100"
2013-01-21,"26,527","26,527","25,973","26,342","26,074.40","27,534.65","27,574.74","2,263,846","59,511,511,350"
2013-01-18,"26,389","26,666","26,250","26,620","26,148.40","27,675.60","27,523.91","2,169,911","57,430,699,250"
2013-01-17,"25,834","26,389","25,788","26,250","26,287.00","27,768.00","27,464.21","3,791,279","99,162,228,750"
2013-01-16,"25,695","25,880","25,141","25,372","26,555.00","27,920.50","27,415.68","4,597,720","117,160,107,700"
2013-01-15,"26,527","26,573","25,695","25,788","26,998.60","28,177.00","27,371.01","4,233,659","110,151,218,950"
2013-01-14,"27,359","27,359","26,204","26,712","27,275.80","28,398.80","27,325.18","4,792,778","127,214,776,300"
2013-01-11,"27,729","27,960","27,220","27,313","27,488.40","28,653.00","27,267.41","2,123,509","58,392,228,300"
2013-01-10,"27,405","27,590","26,851","27,590","27,728.60","28,888.70","27,207.33","2,423,317","66,194,600,500"
2013-01-09,"27,313","28,006","27,220","27,590","28,061.40","29,145.20","27,152.25","2,856,101","79,194,614,450"
2013-01-08,"27,775","28,006","27,174","27,174","28,366.40","29,387.85","27,097.18","3,380,951","92,547,312,250"
2013-01-07,"28,191","28,283","27,544","27,775","28,671.40","29,662.85","27,047.49","3,304,957","91,859,013,600"
2013-01-04,"29,161","29,346","28,006","28,514","28,837.80","29,870.80","26,989.33","3,293,041","93,732,225,200"
2013-01-03,"29,485","29,485","28,930","29,254","28,653.00","30,030.25","26,925.79","2,508,005","73,388,672,000"
2013-01-02,"29,115","29,393","28,607","29,115","28,292.40","30,166.60","26,857.63","2,209,537","64,233,264,950"
2012-12-28,"28,699","28,977","28,330","28,699","28,061.40","30,300.65","26,792.93","1,867,471","53,534,305,700"
2012-12-27,"28,098","28,653","27,960","28,607","28,117.00","30,517.90","26,735.93","2,152,665","61,011,410,500"
2012-12-26,"27,590","28,283","27,498","27,590","28,227.80","30,760.50","26,677.00","2,371,627","66,241,929,350"
2012-12-24,"28,006","28,052","27,174","27,451","28,403.40","31,035.50","26,624.24","3,117,022","85,462,903,650"
2012-12-21,"29,023","29,069","27,683","27,960","28,773.20","31,335.90","26,568.02","3,503,155","98,175,198,450"
2012-12-20,"29,346","29,439","28,514","28,977","29,281.60","31,592.40","26,501.39","2,649,554","76,633,475,700"
2012-12-18,"28,838","29,393","28,746","29,161","29,531.00","31,765.70","26,424.36","3,031,367","88,060,255,375"
2012-12-17,"28,653","29,161","28,098","28,468","30,058.00","31,973.70","26,344.26","5,807,685","165,653,142,950"
2012-12-14,"30,040","30,271","29,115","29,300","30,769.80","32,151.65","26,269.16","5,240,218","154,360,637,950"
2012-12-13,"30,317","30,733","29,716","30,502","31,453.80","32,260.25","26,188.28","4,405,490","133,934,734,850"
2012-12-12,"31,426","31,518","30,040","30,224","31,842.00","32,318.00","26,099.70","6,445,500","196,081,194,950"
2012-12-11,"32,073","32,350","31,657","31,796","32,332.00","32,422.00","26,018.06","1,643,572","52,441,616,100"
2012-12-10,"32,397","32,674","31,426","32,027","32,359.60","32,452.05","25,927.17","2,299,304","73,406,716,150"
2012-12-07,"32,212","32,859","32,073","32,720","32,294.80","32,484.40","25,836.66","1,208,001","39,341,468,500"
2012-12-06,"32,535","32,859","31,981","32,443","32,147.00","32,484.40","25,734.22","1,606,444","52,096,979,400"
2012-12-05,"32,119","32,905","32,073","32,674","32,017.60","32,530.60","25,636.01","1,825,401","59,596,191,650"
2012-12-04,"31,426","32,165","31,426","31,934","32,091.60","32,567.55","25,535.49","1,315,499","42,036,301,000"
2012-12-03,"32,027","32,212","31,518","31,703","32,396.60","32,593.00","25,441.53","1,963,274","62,477,464,600"
2012-11-30,"31,518","32,443","30,964","31,981","32,674.00","32,613.80","25,352.57","3,803,091","121,475,697,100"
2012-11-29,"32,997","33,367","31,426","31,796","32,969.60","32,602.25","25,261.68","5,861,554","186,760,145,150"
2012-11-28,"32,997","33,182","32,674","33,044","33,228.40","32,542.15","25,174.63","2,219,495","73,054,145,590"
2012-11-27,"33,459","33,506","32,443","33,459","33,108.20","32,387.30","25,067.57","2,823,453","93,214,860,700"
2012-11-26,"33,875","34,153","32,766","33,090","33,080.60","32,216.35","24,956.27","2,722,657","90,728,880,300"
2012-11-23,"32,997","33,506","32,581","33,459","32,868.00","32,061.50","24,838.03","1,549,399","51,299,384,650"
2012-11-22,"32,720","33,228","31,934","33,090","32,470.60","31,781.90","24,713.64","1,969,821","64,422,827,700"
2012-11-21,"33,321","33,321","31,981","32,443","32,184.00","31,536.95","24,600.80","2,480,299","80,668,617,200"
2012-11-20,"32,812","33,552","32,720","33,321","32,156.20","31,324.35","24,491.43","3,164,969","105,264,211,800"
2012-11-19,"32,165","32,489","31,750","32,027","31,971.40","31,047.05","24,377.81","2,049,651","65,734,614,950"
2012-11-16,"31,657","32,119","31,380","31,472","32,100.80","30,809.05","24,272.67","1,762,558","55,854,148,850"
2012-11-15,"31,611","32,304","31,426","31,657","32,350.40","30,591.85","24,164.83","2,336,800","74,090,053,850"
2012-11-14,"32,535","32,859","31,565","32,304","32,692.40","30,376.95","24,059.69","3,287,654","105,715,913,450"
2012-11-13,"32,720","32,905","32,073","32,397","32,914.20","30,111.20","23,947.62","1,788,857","58,010,173,050"
2012-11-12,"32,905","32,951","31,888","32,674","32,923.40","29,801.55","23,841.32","2,053,999","66,515,796,550"
2012-11-09,"33,090","33,552","32,720","32,720","32,812.40","29,417.95","23,730.02","2,116,797","70,153,701,700"
2012-11-08,"32,997","33,644","32,812","33,367","32,618.40","29,036.65","23,617.94","2,420,356","80,431,000,750"
2012-11-07,"32,766","33,829","32,443","33,413","32,063.80","28,618.40","23,499.33","3,926,227","131,109,487,900"
2012-11-06,"32,304","32,581","31,287","32,443","31,370.60","28,177.05","23,375.32","3,148,354","101,006,844,350"
2012-11-05,"31,750","32,350","31,241","32,119","30,890.00","27,772.65","23,266.71","3,042,880","96,565,732,350"
2012-11-02,"31,380","32,073","31,195","31,750","30,464.80","27,389.05","23,167.35","5,136,650","163,085,040,100"
2012-11-01,"29,947","30,964","29,762","30,594","29,688.20","27,042.40","23,073.76","4,266,118","130,306,838,550"
2012-10-31,"30,132","30,502","29,670","29,947","29,207.60","26,811.35","22,995.19","2,658,441","80,088,680,430"
2012-10-30,"30,317","30,409","29,670","30,040","28,856.40","26,635.75","22,926.26","2,590,720","78,090,482,800"
2012-10-29,"28,884","30,409","28,838","29,993","28,403.40","26,443.95","22,858.86","7,714,260","229,754,243,050"
2012-10-26,"28,653","28,653","27,405","27,867","27,858.20","26,229.05","22,790.31","2,062,350","57,672,671,800"
2012-10-25,"27,867","28,607","27,821","28,191","27,710.40","26,125.10","22,742.56","2,326,789","65,978,510,100"
2012-10-24,"27,544","28,376","27,267","28,191","27,544.00","26,021.10","22,688.64","3,075,470","86,251,906,100"
2012-10-23,"27,544","28,237","27,544","27,775","27,303.60","25,954.10","22,647.43","2,861,822","80,104,388,550"
2012-10-22,"26,481","27,636","26,435","27,267","26,989.40","25,882.45","22,607.77","1,897,762","51,537,248,600"
2012-10-19,"27,174","27,683","26,758","27,128","26,536.40","25,873.20","22,580.03","1,772,004","48,509,248,600"
2012-10-18,"27,128","27,359","26,573","27,359","26,129.60","25,875.50","22,554.62","2,241,099","60,827,664,150"
2012-10-17,"26,943","27,313","26,897","26,989","25,658.20","25,843.15","22,533.43","3,454,844","93,643,639,150"
2012-10-16,"25,279","26,389","25,233","26,204","25,177.60","25,813.15","22,511.48","2,918,552","76,060,524,150"
2012-10-15,"25,002","25,464","24,863","25,002","24,807.80","25,813.15","22,498.00","1,021,081","25,734,725,800"
2012-10-12,"25,187","25,742","25,094","25,094","24,696.80","25,813.15","22,488.76","1,763,627","44,752,829,950"
2012-10-11,"24,540","25,372","24,494","25,002","24,641.40","25,833.95","22,482.22","2,457,773","61,758,576,000"
2012-10-10,"24,078","24,956","24,078","24,586","24,835.60","25,840.90","22,481.83","2,148,419","52,988,421,700"
2012-10-09,"24,447","24,863","24,309","24,355","25,205.40","25,880.20","22,485.30","1,992,861","49,133,653,450"
2012-10-08,"24,771","24,910","24,124","24,447","25,575.20","25,935.65","22,496.86","1,986,715","48,365,314,950"
2012-10-05,"25,510","25,649","24,586","24,817","25,824.80","25,961.10","22,507.65","4,513,587","112,100,988,500"
2012-10-04,"26,620","26,943","25,973","25,973","26,019.00","25,954.20","22,506.50","2,485,054","65,522,204,250"
2012-10-02,"26,157","26,666","26,065","26,435","26,046.60","25,884.85","22,494.18","1,362,216","36,043,998,200"
2012-09-28,"25,880","26,250","25,788","26,204","26,129.80","25,767.00","22,477.61","1,478,975","38,590,225,850"
2012-09-27,"25,649","25,834","25,048","25,695","26,157.40","25,656.05","22,468.36","1,966,432","50,107,200,300"
2012-09-26,"25,742","26,527","25,557","25,788","26,434.80","25,584.45","22,461.82","3,589,760","92,896,539,200"
2012-09-25,"26,573","26,712","25,788","26,111","26,712.00","25,533.60","22,457.58","2,133,181","55,642,925,250"
2012-09-24,"26,435","26,989","26,065","26,851","26,832.20","25,466.60","22,451.80","2,333,140","62,245,823,040"
2012-09-21,"27,082","27,174","25,742","26,342","26,739.80","25,367.20","22,434.47","4,599,041","120,503,218,050"
2012-09-20,"27,267","27,683","27,036","27,082","26,712.20","25,242.45","22,419.07","2,079,627","56,823,766,550"
2012-09-19,"26,804","27,359","26,758","27,174","26,296.20","25,110.70","22,396.34","2,392,774","64,864,412,700"
2012-09-18,"26,620","26,712","26,342","26,712","25,963.40","24,997.50","22,379.01","2,192,944","58,288,032,500"
2012-09-17,"26,620","26,712","26,157","26,389","25,649.20","24,893.50","22,376.32","1,989,310","52,554,843,800"
2012-09-14,"25,603","26,250","25,557","26,204","25,445.80","24,817.20","22,372.46","3,932,389","102,350,312,650"
2012-09-13,"25,510","25,649","24,817","25,002","25,297.80","24,754.80","22,375.53","3,966,933","99,182,218,800"
2012-09-12,"25,279","25,557","24,956","25,510","25,288.60","24,722.45","22,392.09","2,612,310","66,074,867,700"
2012-09-11,"25,418","25,510","24,910","25,141","25,122.40","24,664.70","22,407.88","2,022,737","50,808,571,600"
2012-09-10,"25,233","25,510","25,048","25,372","25,011.40","24,600.00","22,424.44","1,787,964","45,243,028,300"
2012-09-07,"25,695","25,834","25,141","25,464","24,752.60","24,533.00","22,437.53","2,905,519","74,046,367,550"
2012-09-06,"24,863","24,956","24,309","24,956","24,456.80","24,426.70","22,449.86","1,638,350","40,504,165,350"
2012-09-05,"24,679","25,002","24,586","24,679","24,318.20","24,315.80","22,467.58","2,035,198","50,566,545,050"
2012-09-04,"24,032","24,725","24,032","24,586","24,336.60","24,223.35","22,479.89","1,589,762","39,006,220,400"
2012-09-03,"24,540","24,586","24,032","24,078","24,373.60","24,156.35","22,492.22","1,750,459","42,536,444,000"
2012-08-31,"23,985","24,309","23,754","23,985","24,530.60","24,098.55","22,502.62","1,773,262","42,609,735,800"
2012-08-30,"24,447","24,679","23,893","24,263","24,503.00","24,006.15","22,519.95","1,639,802","39,631,301,000"
2012-08-29,"24,863","25,048","24,494","24,771","24,539.80","23,911.40","22,534.97","1,718,337","42,650,310,300"
2012-08-28,"25,002","25,279","24,632","24,771","24,567.60","23,802.80","22,541.13","1,625,426","40,360,418,300"
2012-08-27,"24,632","25,141","24,401","24,863","24,539.80","23,659.55","22,548.44","3,930,459","97,260,959,550"
2012-08-24,"24,078","24,494","23,662","23,847","24,539.80","23,502.45","22,561.16","2,278,241","54,501,480,250"
2012-08-23,"25,048","25,141","24,263","24,447","24,761.60","23,322.20","22,590.04","1,849,725","45,611,326,430"
2012-08-22,"24,632","25,094","24,078","24,910","24,743.20","23,072.65","22,614.31","2,896,569","70,909,383,100"
2012-08-21,"25,233","25,418","24,447","24,632","24,632.20","22,848.50","22,630.09","2,126,417","52,673,384,000"
2012-08-20,"25,002","25,141","24,494","24,863","24,475.20","22,617.45","22,645.12","1,628,571","40,425,968,400"
2012-08-17,"24,632","25,141","24,540","24,956","24,309.00","22,388.70","22,658.60","3,196,451","79,471,628,050"
2012-08-16,"24,817","24,956","24,263","24,355","23,985.40","22,129.90","22,670.93","1,682,212","41,199,649,950"
2012-08-14,"23,939","24,447","23,893","24,355","23,662.00","21,917.30","22,691.33","2,085,964","50,608,945,950"
2012-08-13,"24,170","24,170","23,662","23,847","23,357.00","21,748.60","22,711.36","1,121,584","26,778,046,650"
2012-08-10,"23,431","24,216","23,431","24,032","23,236.80","21,605.30","22,734.85","3,360,701","80,615,036,100"
2012-08-09,"22,876","23,569","22,830","23,338","23,014.80","21,464.30","22,759.49","2,652,933","61,793,953,750"
2012-08-08,"23,061","23,569","22,645","22,738","22,774.60","21,337.20","22,781.83","3,112,102","71,854,999,400"
2012-08-07,"23,107","23,246","22,784","22,830","22,700.60","21,244.75","22,818.03","1,435,252","32,909,162,750"
2012-08-06,"23,523","23,800","23,200","23,246","22,654.40","21,156.95","22,856.93","2,645,012","62,059,346,200"
2012-08-03,"21,859","23,153","21,721","22,922","22,386.40","21,062.20","22,892.37","3,774,364","86,259,391,400"
2012-08-02,"22,275","22,506","22,044","22,137","22,146.20","21,009.05","22,924.72","926,090","20,607,395,800"
2012-08-01,"22,229","22,691","21,998","22,368","21,767.20","20,979.00","22,966.69","1,872,643","41,868,531,150"
2012-07-31,"21,813","22,645","21,813","22,599","21,184.80","20,923.55","23,005.98","2,965,829","66,657,716,700"
2012-07-30,"21,952","22,229","21,721","21,906","20,750.40","20,828.80","23,039.87","2,321,851","50,918,690,600"
2012-07-27,"21,166","21,859","21,028","21,721","20,371.40","20,731.75","23,090.70","5,393,167","116,244,307,750"
2012-07-26,"19,271","20,242","18,902","20,242","20,084.80","20,632.35","23,134.22","3,045,461","60,015,587,050"
2012-07-25,"19,965","19,965","19,364","19,456","19,992.40","20,597.70","23,200.08","2,504,741","49,044,087,550"
2012-07-24,"19,965","20,565","19,872","20,427","20,121.80","20,597.70","23,270.17","1,515,870","30,686,166,900"
2012-07-23,"20,242","20,473","19,918","20,011","20,232.60","20,556.10","23,326.78","1,359,853","27,371,139,500"
2012-07-20,"19,780","20,427","19,780","20,288","20,426.60","20,549.15","23,385.70","1,578,666","31,931,126,950"
2012-07-19,"20,334","20,519","19,364","19,780","20,611.40","20,556.10","23,436.54","3,469,185","68,722,417,000"
2012-07-18,"21,074","21,305","19,733","20,103","20,814.60","20,611.55","23,487.38","2,448,922","49,933,524,150"
2012-07-17,"20,796","21,490","20,750","20,981","20,971.80","20,664.70","23,539.76","1,768,528","37,536,829,750"
2012-07-16,"21,305","21,536","20,704","20,981","20,990.40","20,637.00","23,585.21","1,475,130","30,984,384,500"
2012-07-13,"20,750","21,536","19,872","21,212","21,064.40","20,620.85","23,621.03","3,523,836","73,510,170,450"
2012-07-12,"21,074","21,582","20,796","20,796","21,193.80","20,590.85","23,649.14","2,404,060","50,803,935,200"
2012-07-11,"20,935","21,212","20,796","20,889","21,341.80","20,583.95","23,683.03","1,289,823","27,055,138,400"
2012-07-10,"21,351","21,582","20,750","21,074","21,415.80","20,590.90","23,713.08","1,933,900","40,692,601,150"
2012-07-09,"21,582","21,906","21,259","21,351","21,341.80","20,590.90","23,744.27","1,551,032","33,257,024,950"
2012-07-06,"21,536","22,090","21,212","21,859","21,064.60","20,590.90","23,772.38","3,297,927","71,905,703,400"
2012-07-05,"21,259","21,859","21,120","21,536","20,639.40","20,507.75","23,796.65","3,027,694","65,263,671,250"
2012-07-04,"21,028","21,675","20,889","21,259","20,242.00","20,436.10","23,818.22","4,057,029","86,766,422,850"
2012-07-03,"20,103","20,704","20,057","20,704","19,881.40","20,318.25","23,834.78","1,854,002","37,883,642,300"
2012-07-02,"20,057","20,334","19,965","19,965","19,659.60","20,209.65","23,855.96","1,782,793","35,824,274,500"
2012-06-29,"19,318","19,780","19,086","19,733","19,641.00","20,188.85","23,886.77","2,662,818","51,912,470,850"
2012-06-28,"19,410","19,687","19,318","19,549","19,779.80","20,168.10","23,919.13","1,210,438","23,650,508,150"
2012-06-27,"19,687","19,780","19,318","19,456","20,047.80","20,175.00","23,953.40","1,900,268","37,080,470,200"
2012-06-26,"19,733","20,057","19,595","19,595","20,389.80","20,172.70","23,983.44","1,485,942","29,433,400,900"
2012-06-25,"20,242","20,473","19,687","19,872","20,556.20","20,119.55","24,008.86","2,117,789","42,164,777,900"
2012-06-22,"20,519","20,658","20,427","20,427","20,713.40","20,077.95","24,025.42","1,569,144","32,201,456,550"
2012-06-21,"21,074","21,490","20,889","20,889","20,750.40","19,999.35","24,035.82","1,506,168","31,751,744,000"
2012-06-20,"20,843","21,305","20,658","21,166","20,704.20","19,936.95","24,043.90","3,022,978","63,670,864,550"
2012-06-19,"20,473","20,750","20,242","20,427","20,676.60","19,844.55","24,048.53","2,137,589","43,673,908,500"
2012-06-18,"21,120","21,305","20,473","20,658","20,806.00","19,786.75","24,055.84","2,588,425","53,937,392,050"
2012-06-15,"20,889","20,889","20,334","20,612","20,944.60","19,710.50","24,060.85","2,048,484","42,133,845,500"
2012-06-14,"20,889","21,120","20,242","20,658","20,861.40","19,606.50","24,060.46","3,176,515","65,190,223,700"
2012-06-13,"21,443","21,490","20,981","21,028","20,750.40","19,544.10","24,060.08","1,569,678","33,284,417,750"
2012-06-12,"20,889","21,259","20,704","21,074","20,325.20","19,502.50","24,066.23","2,245,628","47,153,802,100"
2012-06-11,"20,843","21,675","20,750","21,351","19,816.80","19,474.75","24,073.55","3,650,108","77,815,877,450"
2012-06-08,"20,103","20,796","19,918","20,196","19,456.40","19,465.50","24,078.18","3,490,556","71,104,603,350"
2012-06-07,"19,456","20,473","19,364","20,103","19,280.80","19,539.45","24,096.28","4,120,842","82,558,128,350"
2012-06-05,"18,717","19,179","18,532","18,902","19,197.60","19,631.90","24,111.30","2,257,388","42,528,381,100"
2012-06-04,"18,671","18,902","18,116","18,532","19,299.20","19,775.15","24,134.02","3,036,764","56,227,539,950"
2012-06-01,"19,410","19,918","19,318","19,549","19,299.20","19,955.40","24,166.37","2,548,167","50,142,990,850"
2012-05-31,"19,364","19,549","19,179","19,318","19,197.40","20,064.00","24,200.26","1,866,809","36,055,831,050"
2012-05-30,"19,595","20,011","19,502","19,687","19,104.80","20,260.40","24,238.00","3,315,905","65,618,061,050"
2012-05-29,"18,671","19,410","18,486","19,410","19,095.60","20,426.80","24,272.67","2,404,311","45,780,459,100"
2012-05-25,"18,902","19,133","18,347","18,532","19,077.20","20,653.25","24,308.10","3,843,398","71,520,901,400"
2012-05-24,"18,763","19,179","18,578","19,040","19,225.00","20,930.55","24,356.24","1,846,893","34,916,260,800"
2012-05-23,"19,502","19,502","18,717","18,855","19,243.60","21,219.40","24,396.68","2,549,737","48,334,107,500"
2012-05-22,"19,780","19,965","19,549","19,641","19,179.00","21,494.40","24,439.43","2,509,672","49,604,303,100"
2012-05-21,"19,641","20,057","19,040","19,318","19,132.80","21,741.65","24,464.08","3,119,636","61,099,450,850"
2012-05-18,"18,994","20,011","18,809","19,271","19,308.40","21,970.40","24,480.26","6,135,717","119,252,050,750"
2012-05-17,"18,532","19,271","18,393","19,133","19,558.00","22,222.30","24,502.22","3,371,294","63,940,030,350"
2012-05-16,"19,040","19,179","18,347","18,532","19,964.60","22,513.45","24,523.40","4,997,029","93,324,912,500"
2012-05-15,"19,502","19,780","18,948","19,410","20,593.20","22,836.95","24,556.52","3,456,565","66,858,213,350"
2012-05-14,"20,565","20,704","19,733","20,196","21,101.60","23,153.55","24,581.17","2,317,126","46,596,138,728"
2012-05-11,"21,074","21,120","20,381","20,519","21,415.80","23,430.85","24,603.88","2,103,123","43,479,850,200"
2012-05-10,"21,351","21,490","21,074","21,166","21,739.40","23,638.85","24,623.91","2,502,545","53,143,859,750"
2012-05-09,"21,721","22,229","21,397","21,675","21,850.40","23,805.25","24,632.77","2,116,529","46,137,997,400"
2012-05-08,"21,906","22,368","21,628","21,952","22,164.60","23,943.85","24,637.38","1,740,011","38,299,912,750"
2012-05-07,"21,721","22,044","21,490","21,767","22,377.20","24,100.95","24,638.93","1,493,222","32,574,548,200"
2012-05-04,"21,906","22,275","21,813","22,137","22,811.60","24,258.10","24,630.07","2,969,161","65,577,586,500"
2012-05-03,"22,738","22,969","21,443","21,721","23,199.80","24,415.20","24,611.97","7,717,804","169,862,864,350"
2012-05-02,"23,015","23,385","22,738","23,246","23,819.00","24,600.05","24,608.50","2,588,410","59,641,465,600"
2012-04-30,"24,170","24,447","22,275","23,015","24,040.80","24,676.30","24,600.03","4,414,887","101,356,007,000"
2012-04-27,"24,216","24,355","23,754","23,939","24,355.00","24,750.25","24,593.86","1,498,604","36,021,260,800"
2012-04-26,"25,233","25,326","23,754","24,078","24,345.80","24,771.05","24,573.45","3,039,642","73,713,920,350"
2012-04-25,"25,279","25,510","24,632","24,817","24,392.00","24,821.85","24,538.40","3,339,670","84,101,351,550"
2012-04-24,"24,355","24,771","24,124","24,355","24,419.80","24,900.45","24,508.36","1,305,477","31,962,912,750"
2012-04-23,"24,032","24,679","23,939","24,586","24,549.20","24,979.00","24,484.87","1,737,034","42,439,402,500"
2012-04-20,"24,170","24,494","23,847","23,893","24,780.40","25,078.35","24,455.98","1,809,992","43,516,990,450"
2012-04-19,"24,679","24,956","24,170","24,309","25,150.20","25,233.15","24,436.34","2,021,960","49,299,145,600"
2012-04-18,"25,557","25,603","24,586","24,956","25,224.20","25,387.95","24,415.54","1,990,195","49,603,242,100"
2012-04-17,"25,834","25,880","24,863","25,002","25,131.80","25,496.55","24,393.98","1,431,605","36,072,525,500"
2012-04-16,"25,557","25,973","25,326","25,742","25,020.80","25,593.60","24,370.48","1,571,953","40,356,773,950"
2012-04-13,"25,233","25,834","25,048","25,742","24,891.20","25,653.65","24,344.68","2,304,085","59,014,009,850"
2012-04-12,"24,586","24,910","24,355","24,679","24,724.80","25,720.65","24,316.94","1,870,436","46,152,514,300"
2012-04-10,"24,586","24,956","24,263","24,494","24,844.80","25,794.55","24,284.58","1,447,949","35,619,320,400"
2012-04-09,"25,187","25,603","24,216","24,447","25,029.60","25,873.10","24,254.16","2,332,207","57,848,261,150"
2012-04-06,"24,910","25,742","24,725","25,094","25,094.40","25,917.05","24,222.58","1,487,935","37,597,072,450"
2012-04-05,"25,418","25,464","24,586","24,910","24,974.40","25,965.60","24,188.70","1,803,111","45,315,887,950"
2012-04-04,"25,649","25,926","25,187","25,279","24,863.40","26,023.35","24,152.11","2,351,333","60,119,262,200"
2012-04-03,"25,141","25,695","24,863","25,418","24,826.40","26,034.90","24,111.68","3,617,514","92,140,037,100"
2012-04-02,"24,447","24,910","24,447","24,771","25,020.60","26,046.45","24,072.78","2,153,929","53,242,125,950"
2012-03-30,"24,078","24,771","24,078","24,494","25,251.60","26,127.35","24,030.41","3,633,576","88,878,642,300"
2012-03-29,"24,910","25,094","23,985","24,355","25,667.40","26,268.30","23,989.97","4,936,294","119,745,838,550"
2012-03-28,"25,788","25,788","25,002","25,094","26,194.20","26,418.50","23,941.44","5,953,508","150,373,317,650"
2012-03-27,"26,204","26,712","25,510","26,389","26,656.40","26,504.00","23,882.53","3,088,208","80,952,740,650"
2012-03-26,"26,620","26,712","25,742","25,926","26,804.20","26,506.30","23,802.42","2,058,792","53,613,576,450"
2012-03-23,"26,712","26,989","26,204","26,573","27,007.60","26,534.05","23,733.48","2,244,919","59,394,532,200"
2012-03-22,"27,498","27,544","26,666","26,989","27,081.60","26,527.15","23,664.55","1,982,119","53,564,835,750"
2012-03-21,"27,082","27,451","26,712","27,405","27,100.20","26,517.90","23,594.84","1,812,422","49,310,077,000"
2012-03-20,"26,989","27,729","26,943","27,128","26,850.60","26,485.55","23,506.27","3,226,345","88,254,522,150"
2012-03-19,"27,128","27,128","26,620","26,943","26,638.00","26,462.45","23,421.15","1,624,603","43,588,011,150"
2012-03-16,"27,036","27,220","26,666","26,943","26,314.60","26,464.75","23,331.42","2,799,118","75,639,063,750"
2012-03-15,"26,250","27,220","26,157","27,082","26,139.00","26,418.55","23,248.23","4,487,923","120,343,350,000"
2012-03-14,"26,481","26,527","25,695","26,157","25,935.60","26,418.55","23,177.37","3,176,252","82,759,367,650"
2012-03-13,"25,464","26,111","25,418","26,065","25,806.20","26,485.60","23,123.45","2,216,860","57,152,650,150"
2012-03-12,"26,111","26,342","25,326","25,326","25,723.00","26,557.25","23,072.23","2,289,211","58,683,368,800"
2012-03-09,"26,342","26,527","25,603","26,065","25,935.60","26,631.15","23,018.30","2,916,968","75,487,148,200"
2012-03-08,"25,742","26,204","25,603","26,065","26,185.20","26,686.60","22,958.61","2,642,715","68,617,099,800"
2012-03-07,"25,187","25,788","24,863","25,510","26,444.00","26,737.45","22,887.74","2,528,673","64,175,111,000"
2012-03-06,"26,620","26,620","25,279","25,649","26,702.80","26,795.25","22,818.03","3,731,268","95,507,412,300"
2012-03-05,"27,036","27,220","26,250","26,389","26,860.00","26,913.10","22,751.79","2,034,044","53,861,846,150"
2012-03-02,"27,729","27,821","26,943","27,313","26,878.40","26,940.80","22,679.00","1,958,139","53,444,924,600"
2012-02-29,"27,128","27,636","26,897","27,359","26,702.80","26,982.40","22,601.59","2,480,495","67,541,472,950"
2012-02-28,"26,758","26,897","26,435","26,804","26,591.80","27,007.80","22,512.24","1,854,535","49,390,753,450"
2012-02-27,"26,851","27,036","26,342","26,435","26,582.60","27,028.60","22,433.29","1,667,414","44,534,949,900"
2012-02-24,"26,481","26,620","26,065","26,481","26,628.80","27,060.95","22,366.66","1,190,996","31,402,829,400"
2012-02-23,"26,804","26,897","26,019","26,435","26,730.40","27,056.35","22,303.50","1,770,771","46,479,230,850"
2012-02-22,"26,851","27,082","26,620","26,804","26,647.20","27,028.60","22,244.19","1,035,153","27,774,321,750"
2012-02-21,"26,712","26,989","26,666","26,758","26,702.80","27,007.85","22,179.49","867,666","23,275,221,600"
2012-02-20,"27,128","27,313","26,620","26,666","26,850.80","26,991.70","22,119.03","1,772,932","47,205,495,000"
2012-02-17,"26,527","27,267","26,481","26,989","27,017.20","26,922.35","22,050.86","3,101,899","83,677,755,200"
2012-02-16,"26,666","26,943","25,695","26,019","26,980.20","26,802.20","21,976.53","3,590,882","94,223,137,000"
2012-02-15,"27,498","27,775","26,527","27,082","27,211.20","26,744.40","21,908.75","5,497,623","148,133,999,050"
2012-02-14,"27,544","27,821","27,220","27,498","27,211.20","26,615.00","21,835.96","2,068,404","56,972,725,250"
2012-02-13,"27,082","27,867","27,036","27,498","27,044.80","26,480.95","21,752.77","2,305,225","63,428,351,350"
2012-02-10,"26,943","27,590","26,527","26,804","27,146.40","26,342.30","21,666.11","2,141,023","57,613,917,800"
2012-02-09,"27,313","27,498","26,804","27,174","27,174.20","26,240.65","21,591.78","2,320,778","63,032,434,550"
2012-02-08,"26,712","27,174","26,019","27,082","27,368.40","26,088.15","21,528.24","4,201,026","112,276,784,100"
2012-02-07,"28,098","28,191","26,065","26,666","27,525.40","25,896.35","21,468.93","5,912,514","157,612,711,550"
2012-02-06,"27,636","28,607","27,451","28,006","27,636.20","25,725.35","21,407.31","3,672,158","102,999,933,450"
2012-02-03,"28,145","28,422","26,527","26,943","27,451.40","25,508.15","21,341.07","5,986,791","162,979,523,500"
2012-02-02,"28,607","29,069","27,729","28,145","27,340.60","25,341.80","21,282.92","3,448,931","97,568,960,000"
2012-02-01,"27,313","28,052","27,036","27,867","26,887.60","25,117.65","21,205.50","3,116,407","86,633,042,150"
2012-01-31,"27,267","27,451","26,712","27,220","26,592.00","24,877.35","21,139.26","2,167,251","58,846,287,700"
2012-01-30,"26,897","27,636","26,712","27,082","26,435.00","24,648.60","21,094.20","4,603,721","125,648,959,200"
2012-01-27,"25,557","26,712","25,048","26,389","26,074.40","24,387.45","21,064.16","2,887,360","75,265,769,750"
2012-01-26,"26,527","26,573","25,603","25,880","25,713.80","24,151.75","21,047.21","2,868,582","74,396,561,400"
2012-01-25,"26,527","27,128","26,019","26,389","25,510.40","23,950.70","21,041.82","2,350,095","62,374,913,600"
2012-01-20,"25,510","26,620","25,418","26,435","25,131.40","23,717.30","21,040.66","3,576,218","93,621,445,200"
2012-01-19,"24,817","25,372","24,679","25,279","24,807.80","23,460.80","21,029.48","2,933,748","73,650,728,200"
2012-01-18,"24,771","24,863","24,309","24,586","24,697.00","23,259.80","21,033.73","1,758,268","43,132,112,300"
2012-01-17,"24,817","24,910","23,662","24,863","24,734.00","23,058.75","21,052.21","3,430,306","83,509,327,950"
2012-01-16,"24,401","24,679","24,216","24,494","24,586.20","22,846.20","21,070.70","1,478,633","36,108,161,450"
2012-01-13,"25,048","25,048","24,540","24,817","24,336.60","22,709.85","21,089.18","1,750,615","43,420,262,100"
2012-01-12,"24,956","25,048","24,447","24,725","24,022.40","22,566.60","21,109.21","3,154,241","77,878,212,200"
2012-01-11,"24,494","24,910","24,447","24,771","23,809.80","22,425.65","21,136.17","4,634,101","114,663,866,600"
2012-01-10,"23,800","24,401","23,662","24,124","23,578.80","22,305.50","21,165.05","3,168,489","76,352,747,850"
2012-01-09,"23,107","23,708","22,784","23,246","23,486.40","22,194.60","21,188.54","1,707,620","39,820,584,400"
2012-01-06,"23,107","23,523","22,922","23,246","23,449.40","22,113.70","21,212.03","2,263,709","52,402,344,450"
2012-01-05,"23,708","24,078","23,477","23,662","23,329.20","22,072.10","21,235.53","2,247,023","53,594,384,450"
2012-01-04,"23,939","24,216","23,431","23,616","22,968.60","22,069.80","21,252.86","2,509,129","59,690,337,550"
2012-01-03,"23,385","23,708","23,246","23,662","22,580.40","22,081.35","21,270.18","2,112,677","49,616,002,050"
2012-01-02,"22,830","23,662","22,691","23,061","22,219.80","22,090.60","21,292.52","2,831,280","65,782,089,300"
2011-12-29,"21,721","22,784","21,675","22,645","21,951.80","22,120.65","21,328.33","2,536,013","56,964,595,500"
2011-12-28,"21,490","22,137","21,443","21,859","21,683.80","22,203.85","21,376.48","1,353,182","29,641,710,350"
2011-12-27,"22,090","22,090","21,305","21,675","21,563.80","22,305.55","21,430.78","1,218,426","26,566,406,650"
2011-12-26,"21,813","21,998","21,443","21,859","21,341.80","22,421.05","21,487.01","967,575","21,029,519,850"
2011-12-23,"21,582","21,998","21,536","21,721","21,092.40","22,458.05","21,545.93","1,554,621","33,893,721,950"
2011-12-22,"21,074","21,582","21,028","21,305","21,101.60","22,434.95","21,604.08","900,721","19,207,118,050"
2011-12-21,"21,166","21,859","21,120","21,259","21,231.00","22,465.00","21,663.39","2,294,546","48,794,511,450"
2011-12-20,"20,612","20,750","19,780","20,565","21,360.40","22,485.80","21,713.84","3,825,465","77,440,577,600"
2011-12-19,"21,582","21,675","19,780","20,612","21,721.00","22,582.85","21,769.69","3,657,944","75,277,004,250"
2011-12-16,"21,952","22,044","21,582","21,767","21,979.80","22,670.65","21,822.07","1,640,406","35,677,282,850"
2011-12-15,"21,490","22,322","21,443","21,952","21,952.00","22,728.40","21,870.98","2,305,982","50,293,758,300"
2011-12-14,"22,137","22,137","21,582","21,906","22,044.40","22,776.90","21,920.66","1,822,498","39,801,947,700"
2011-12-13,"21,490","22,599","21,490","22,368","22,386.40","22,793.05","21,959.17","2,501,671","55,383,802,900"
2011-12-12,"22,090","22,183","21,675","21,906","22,682.20","22,786.10","21,999.99","2,501,669","54,872,013,500"
2011-12-09,"21,813","21,906","21,120","21,628","23,070.40","22,797.65","22,040.43","5,091,984","109,610,432,500"
2011-12-08,"22,460","22,830","22,090","22,414","23,477.20","22,751.45","22,076.24","8,552,983","191,681,255,300"
2011-12-07,"24,032","24,078","23,477","23,616","23,856.20","22,629.00","22,106.67","2,719,770","64,539,590,200"
2011-12-06,"23,939","24,401","23,569","23,847","23,911.60","22,513.45","22,142.87","2,363,586","56,510,932,200"
2011-12-05,"23,616","24,124","23,385","23,847","23,939.20","22,432.55","22,180.61","2,145,777","50,998,784,850"
2011-12-02,"24,124","24,263","23,153","23,662","23,689.60","22,353.95","22,221.43","4,747,732","111,668,732,350"
2011-12-01,"24,956","25,141","24,170","24,309","23,209.00","22,245.35","22,266.11","4,046,003","99,340,646,050"
2011-11-30,"23,662","24,170","23,477","23,893","22,728.40","22,023.50","22,309.63","3,726,462","88,755,195,750"
2011-11-29,"23,246","24,401","22,876","23,985","22,284.80","21,889.45","22,364.70","7,232,939","171,957,709,150"
2011-11-28,"21,859","22,830","21,813","22,599","21,989.00","21,767.00","22,422.08","4,262,805","95,994,453,150"
2011-11-25,"21,767","21,998","21,166","21,259","21,942.80","21,693.05","22,496.41","1,617,884","34,733,102,150"
2011-11-24,"21,582","22,044","20,981","21,906","22,275.40","21,706.90","22,579.59","2,758,778","59,348,149,700"
2011-11-23,"22,691","23,107","21,490","21,675","22,478.60","21,702.25","22,657.77","2,695,746","59,817,230,050"
2011-11-22,"21,906","22,876","21,859","22,506","22,589.40","21,736.90","22,748.27","2,079,488","46,626,434,200"
2011-11-21,"22,922","22,922","22,183","22,368","22,534.00","21,720.75","22,837.23","1,911,602","42,849,412,900"
2011-11-18,"22,553","23,385","22,460","22,922","22,487.80","21,734.60","22,928.13","3,109,093","71,269,300,900"
2011-11-17,"22,738","23,061","22,368","22,922","22,044.20","21,709.20","23,023.26","3,453,992","78,557,990,300"
2011-11-16,"22,553","23,292","22,183","22,229","21,452.80","21,602.90","23,117.23","4,908,444","111,436,766,500"
2011-11-15,"22,137","22,784","22,090","22,229","21,268.00","21,533.60","23,208.89","3,763,314","84,607,269,950"
2011-11-14,"21,166","22,460","21,120","22,137","21,268.00","21,455.05","23,303.63","3,165,840","69,617,996,400"
2011-11-11,"20,381","20,935","19,918","20,704","21,295.60","21,399.60","23,400.30","2,042,561","41,837,082,700"
2011-11-10,"20,519","20,519","19,872","19,965","21,452.80","21,390.35","23,518.15","4,151,342","83,315,644,950"
2011-11-09,"22,691","22,876","21,028","21,305","21,434.20","21,413.45","23,641.78","3,537,697","77,274,558,500"
2011-11-08,"22,322","22,876","21,906","22,229","21,415.60","21,385.70","23,761.55","3,235,976","72,780,887,250"
2011-11-07,"21,859","22,645","21,721","22,275","21,277.00","21,258.60","23,871.32","4,498,532","100,604,305,700"
2011-11-04,"20,427","22,275","19,918","21,490","21,046.00","21,126.90","23,983.78","7,754,220","165,994,922,500"
2011-11-03,"20,750","21,212","19,040","19,872","21,055.20","20,979.00","24,113.95","9,174,038","182,454,253,200"
2011-11-02,"20,889","21,351","20,519","21,212","21,443.40","20,886.60","24,254.14","2,572,870","53,878,873,100"
2011-11-01,"20,796","21,952","20,796","21,536","21,674.60","20,664.80","24,387.78","2,932,536","63,184,515,650"
2011-10-31,"21,120","21,813","20,935","21,120","21,804.00","20,470.70","24,514.49","3,072,624","65,542,606,650"
2011-10-28,"22,275","22,322","21,443","21,536","22,109.00","20,329.75","24,633.88","3,107,292","67,684,846,850"
2011-10-27,"22,506","22,784","21,721","21,813","22,284.60","20,184.15","24,751.35","4,159,113","91,264,989,100"
2011-10-26,"21,721","22,691","21,536","22,368","22,081.20","19,932.30","24,873.05","4,112,181","90,163,937,000"
2011-10-25,"22,460","22,553","21,906","22,183","21,776.20","19,659.60","24,991.28","3,091,328","68,316,977,650"
2011-10-24,"22,738","22,876","22,044","22,645","21,471.20","19,359.20","25,102.97","4,308,496","97,245,784,250"
2011-10-21,"21,212","22,599","21,120","22,414","21,147.80","19,075.00","25,221.58","7,761,051","171,459,842,400"
2011-10-20,"20,704","22,090","20,427","20,796","20,768.80","18,883.20","25,348.29","5,921,675","127,125,277,100"
2011-10-19,"20,704","21,028","20,288","20,843","20,695.00","18,827.75","25,481.55","3,059,042","63,362,028,800"
2011-10-18,"20,381","20,935","20,196","20,658","20,676.40","18,781.50","25,622.89","3,628,910","74,767,892,700"
2011-10-17,"20,750","21,212","20,057","21,028","20,482.20","18,691.35","25,762.31","3,438,601","71,237,868,200"
2011-10-14,"20,565","20,796","19,641","20,519","20,204.80","18,585.05","25,894.02","3,404,569","68,512,884,300"
2011-10-13,"20,981","21,212","20,427","20,427","19,807.40","18,437.15","26,031.51","4,199,758","87,178,153,050"
2011-10-12,"19,502","20,796","19,410","20,750","19,326.80","18,273.05","26,158.60","6,378,859","129,618,314,800"
2011-10-11,"20,334","20,381","19,502","19,687","18,532.00","18,120.55","26,263.74","5,054,294","100,410,309,650"
2011-10-10,"18,809","20,103","18,763","19,641","18,125.40","18,018.90","26,379.28","5,743,604","112,762,354,550"
2011-10-07,"18,671","18,994","18,439","18,532","17,857.40","17,938.05","26,494.43","3,834,421","71,738,302,000"
2011-10-06,"17,654","18,994","17,423","18,024","17,875.80","17,843.30","26,622.29","5,835,199","106,860,099,100"
2011-10-05,"17,746","17,977","16,776","16,776","17,626.20","17,808.60","26,748.23","3,446,535","59,592,406,350"
2011-10-04,"17,007","17,654","16,545","17,654","17,653.80","17,891.75","26,892.26","4,426,833","75,293,511,950"
2011-09-30,"18,301","18,902","17,700","18,301","17,358.00","17,954.15","27,033.98","4,261,767","77,641,301,900"
2011-09-29,"16,452","19,040","16,452","18,624","17,090.00","18,005.00","27,166.47","6,402,680","115,790,552,200"
2011-09-28,"16,776","17,238","16,776","16,776","17,080.80","18,025.80","27,294.72","1,982,046","33,548,476,300"
2011-09-27,"16,776","17,053","16,498","16,914","17,663.00","18,162.10","27,438.37","2,335,431","39,193,055,650"
2011-09-26,"17,099","17,284","15,990","16,175","18,263.80","18,240.70","27,571.63","3,556,208","58,641,807,450"
2011-09-23,"17,469","17,839","16,822","16,961","18,799.80","18,335.45","27,709.88","5,258,807","90,637,138,500"
2011-09-22,"18,948","19,133","18,393","18,578","19,188.00","18,381.65","27,833.51","3,149,465","58,991,573,650"
2011-09-21,"19,733","20,288","19,225","19,687","18,984.60","18,370.10","27,937.88","4,392,782","86,790,798,100"
2011-09-20,"18,763","20,288","18,439","19,918","18,476.20","18,261.50","28,036.47","4,898,180","95,877,562,100"
2011-09-19,"18,855","19,364","18,532","18,855","18,032.60","18,120.55","28,138.92","2,508,517","47,665,824,050"
2011-09-16,"18,024","18,902","17,839","18,902","17,792.40","18,072.05","28,249.83","3,730,757","69,000,530,800"
2011-09-15,"17,839","18,208","17,377","17,561","17,616.80","18,104.40","28,358.43","2,327,766","41,350,416,550"
2011-09-14,"17,608","18,024","17,145","17,145","17,432.00","18,224.60","28,477.44","2,257,530","39,468,760,850"
2011-09-09,"17,561","18,162","17,330","17,700","17,469.00","18,330.90","28,599.92","2,342,187","41,707,394,950"
2011-09-08,"18,347","18,439","17,099","17,654","17,616.80","18,448.75","28,722.00","4,000,645","70,500,195,200"
2011-09-07,"17,099","18,347","16,868","18,024","17,866.40","18,564.30","28,843.32","4,274,760","74,653,626,500"
2011-09-06,"16,914","17,284","16,406","16,637","18,125.20","18,605.85","28,964.63","2,927,778","49,267,763,900"
2011-09-05,"18,162","18,162","17,330","17,330","18,605.80","18,769.90","29,102.50","2,703,820","47,673,080,500"
2011-09-02,"18,624","18,948","18,162","18,439","19,040.20","18,994.05","29,235.38","2,484,780","45,980,360,050"
2011-09-01,"19,456","19,826","18,671","18,902","19,049.60","19,245.95","29,362.86","4,679,991","90,928,305,600"
2011-08-31,"19,133","19,318","18,671","19,318","18,883.20","19,518.60","29,474.93","2,509,499","47,738,121,100"
2011-08-30,"19,780","20,011","18,855","19,040","18,596.60","19,814.35","29,577.75","4,257,292","81,838,062,300"
2011-08-29,"18,948","19,687","18,624","19,502","18,458.00","20,174.85","29,692.52","3,017,299","57,986,678,300"
2011-08-26,"18,024","18,763","17,885","18,486","18,060.60","20,454.45","29,806.52","2,131,779","39,237,385,430"
2011-08-25,"18,116","18,532","17,931","18,070","17,783.20","20,819.55","29,928.98","3,259,292","59,289,510,900"
2011-08-24,"18,532","18,671","17,700","17,885","17,746.20","21,256.25","30,057.23","2,647,509","48,012,790,050"
2011-08-23,"17,561","18,347","17,284","18,347","18,079.00","21,716.10","30,187.40","2,881,726","51,820,285,200"
2011-08-22,"17,561","17,885","17,284","17,515","18,402.60","22,134.35","30,310.26","2,753,425","48,497,241,600"
2011-08-19,"16,868","17,654","16,545","17,099","18,753.80","22,619.60","30,440.05","5,269,932","89,718,623,300"
2011-08-18,"19,179","19,271","17,885","17,885","19,345.40","23,162.65","30,577.93","6,640,083","121,528,112,950"
2011-08-17,"19,733","20,149","19,271","19,549","19,761.40","23,680.25","30,708.10","2,888,201","56,484,887,800"
2011-08-16,"19,918","20,242","19,595","19,965","19,622.60","24,049.95","30,828.26","3,087,038","61,492,773,050"
2011-08-12,"20,612","20,750","19,040","19,271","19,613.20","24,354.95","30,947.64","5,094,075","102,084,708,900"
2011-08-11,"18,948","20,196","18,855","20,057","20,121.60","24,694.65","31,071.28","4,769,025","94,152,933,750"
2011-08-10,"20,288","20,658","19,456","19,965","20,805.60","24,978.90","31,184.89","6,657,916","133,844,836,500"
2011-08-09,"18,994","19,641","17,885","18,855","21,683.60","25,265.40","31,293.88","7,093,722","132,600,243,450"
2011-08-08,"21,259","21,952","19,086","19,918","22,959.20","25,639.75","31,413.66","6,996,595","142,878,104,750"
2011-08-05,"22,044","22,553","21,490","21,813","24,225.60","26,011.80","31,528.82","5,627,293","124,203,337,800"
2011-08-04,"24,679","24,817","23,431","23,477","24,881.80","26,342.25","31,634.34","3,462,805","83,342,660,560"
2011-08-03,"24,540","24,771","24,309","24,355","25,344.00","26,587.20","31,724.08","2,812,345","68,852,381,050"
2011-08-02,"25,603","25,742","25,094","25,233","25,833.80","26,790.55","31,811.88","4,144,997","105,217,816,900"
2011-08-01,"25,326","26,296","25,326","26,250","26,203.60","26,975.40","31,895.84","3,169,968","82,099,301,410"
2011-07-29,"25,880","26,065","24,956","25,094","26,296.00","27,097.85","31,969.78","5,200,866","131,401,607,700"
2011-07-28,"25,973","26,157","25,695","25,788","26,721.20","27,264.25","32,057.21","5,132,627","132,893,965,550"
2011-07-27,"26,851","27,313","26,527","26,804","27,155.60","27,340.50","32,139.63","2,559,033","68,556,262,100"
2011-07-26,"26,851","27,128","26,666","27,082","27,442.20","27,363.65","32,210.11","1,437,840","38,659,776,000"
2011-07-25,"26,851","26,943","26,481","26,712","27,414.40","27,354.40","32,279.82","2,501,253","66,681,514,800"
2011-07-22,"27,267","27,821","26,897","27,220","27,285.00","27,400.60","32,356.46","5,371,903","146,165,331,350"
2011-07-21,"28,283","28,514","27,220","27,960","27,054.00","27,435.30","32,436.95","2,578,268","72,175,439,650"
2011-07-20,"27,821","28,699","27,775","28,237","26,610.40","27,363.65","32,509.74","6,673,855","188,740,326,950"
2011-07-19,"26,019","27,220","25,926","26,943","26,102.00","27,315.15","32,572.52","3,309,373","88,808,953,970"
2011-07-18,"26,296","26,527","25,926","26,065","25,981.80","27,305.90","32,635.29","2,167,840","56,953,541,700"
2011-07-15,"25,742","26,342","25,603","26,065","26,240.60","27,298.95","32,710.39","1,838,217","47,956,245,750"
2011-07-14,"25,418","26,389","25,233","25,742","26,712.00","27,298.95","32,790.12","4,314,796","111,066,386,900"
2011-07-13,"26,481","26,573","25,418","25,695","27,238.80","27,409.85","32,862.90","5,024,774","129,550,604,250"
2011-07-12,"26,897","26,989","26,342","26,342","27,784.20","27,543.90","32,936.46","3,955,774","104,919,152,350"
2011-07-11,"27,914","27,960","27,313","27,359","28,301.80","27,664.10","33,009.63","3,919,278","107,814,502,370"
2011-07-08,"28,514","28,514","28,006","28,422","28,569.80","27,747.30","33,078.57","1,851,309","52,367,740,450"
2011-07-07,"28,052","28,561","27,914","28,376","28,569.80","27,802.75","33,135.96","1,815,904","51,430,957,050"
2011-07-06,"28,376","28,561","28,006","28,422","28,357.20","27,909.05","33,196.43","2,482,151","70,030,725,550"
2011-07-05,"28,792","28,930","28,052","28,930","28,126.20","28,031.50","33,258.82","2,497,985","71,447,686,780"
2011-07-04,"28,930","29,254","28,468","28,699","27,719.60","28,160.90","33,322.75","3,161,737","91,515,510,200"
2011-07-01,"27,914","28,607","27,775","28,422","27,507.00","28,288.00","33,389.77","2,979,741","84,145,478,700"
2011-06-30,"27,405","27,451","27,036","27,313","27,405.40","28,431.25","33,461.78","1,998,957","54,415,825,350"
2011-06-29,"27,313","27,683","26,666","27,267","27,248.20","28,692.35","33,549.59","2,407,371","65,192,235,600"
2011-06-28,"28,052","28,145","26,897","26,897","27,248.20","28,988.10","33,637.02","2,406,373","66,214,444,000"
2011-06-27,"27,683","28,052","27,498","27,636","27,220.40","29,307.00","33,719.43","2,087,155","57,900,715,200"
2011-06-24,"26,527","28,468","26,527","27,914","26,878.40","29,642.10","33,797.23","5,701,963","158,338,924,600"
2011-06-23,"26,943","27,128","26,296","26,527","26,508.60","29,956.35","33,872.33","3,553,244","94,178,604,600"
2011-06-22,"27,498","27,775","27,128","27,267","26,795.20","30,291.40","33,951.68","4,493,590","123,469,102,450"
2011-06-21,"26,065","26,804","26,065","26,758","27,017.00","30,607.95","34,024.07","3,753,392","99,130,057,200"
2011-06-20,"26,111","26,435","25,510","25,926","27,414.60","30,956.90","34,105.34","4,092,357","106,318,408,100"
2011-06-17,"28,145","28,145","25,926","26,065","28,034.00","31,402.90","34,192.38","8,679,795","229,678,478,900"
2011-06-16,"27,729","28,283","27,729","27,960","28,727.20","31,839.65","34,277.88","2,019,876","56,512,550,350"
2011-06-15,"28,977","29,254","27,683","28,376","29,235.60","32,225.55","34,346.82","4,960,502","140,064,277,100"
2011-06-14,"28,838","29,254","28,191","28,746","29,734.60","32,576.80","34,420.38","3,674,530","105,506,937,100"
2011-06-13,"28,930","29,670","28,514","29,023","30,289.00","32,928.00","34,493.16","2,907,537","84,306,944,300"
2011-06-10,"31,010","31,010","29,393","29,531","30,732.60","33,332.40","34,563.25","3,703,790","110,864,531,450"
2011-06-09,"30,964","31,287","30,409","30,502","31,083.80","33,690.60","34,637.58","3,822,129","117,336,479,250"
2011-06-08,"31,518","32,397","30,455","30,871","31,490.40","34,027.95","34,704.59","4,383,512","136,876,554,050"
2011-06-07,"30,779","32,027","30,779","31,518","31,952.60","34,321.45","34,764.29","2,678,871","84,576,893,450"
2011-06-03,"31,472","31,703","30,779","31,241","32,304.00","34,517.90","34,817.82","3,382,474","105,574,837,550"
2011-06-02,"31,703","31,981","31,056","31,287","32,923.40","34,737.45","34,867.51","6,539,710","204,905,627,650"
2011-06-01,"33,182","33,275","31,750","32,535","33,505.80","34,993.95","34,926.82","4,163,164","135,231,285,350"
2011-05-31,"33,506","33,922","32,766","33,182","33,644.40","35,195.00","34,972.28","3,423,643","113,182,331,200"
2011-05-30,"34,199","34,476","32,766","33,275","33,727.60","35,315.15","35,003.08","4,046,299","134,211,582,900"
2011-05-27,"34,245","34,569","33,968","34,338","33,820.00","35,495.35","35,037.74","1,984,187","67,959,668,050"
2011-05-26,"33,691","34,938","33,691","34,199","33,921.60","35,659.40","35,059.69","2,669,399","92,036,258,050"
2011-05-25,"33,737","33,829","32,581","33,228","34,041.80","35,788.80","35,079.33","2,316,818","77,231,343,350"
2011-05-24,"34,014","34,430","33,506","33,598","34,531.80","36,017.60","35,117.47","2,390,313","80,800,685,200"
2011-05-23,"35,216","35,308","33,367","33,737","34,892.40","36,207.10","35,152.13","3,819,983","128,985,141,950"
2011-05-20,"35,123","35,262","34,661","34,846","35,299.00","36,361.90","35,192.96","1,367,714","47,800,096,700"
2011-05-19,"35,863","36,232","34,522","34,800","35,752.00","36,470.50","35,225.31","3,185,764","111,520,475,990"
2011-05-18,"35,493","36,463","35,401","35,678","36,131.00","36,514.40","35,257.28","3,174,033","113,986,889,900"
2011-05-17,"35,539","36,001","35,169","35,401","36,445.20","36,398.85","35,276.14","2,000,268","71,070,449,800"
2011-05-16,"37,249","37,665","35,678","35,770","36,713.20","36,306.40","35,281.14","3,420,270","124,050,456,500"
2011-05-13,"37,573","37,989","37,064","37,111","36,648.60","36,190.85","35,276.91","4,232,970","159,634,112,900"
2011-05-12,"36,833","37,711","36,695","36,695","36,352.80","36,029.05","35,255.73","2,945,367","109,729,281,900"
2011-05-11,"37,295","37,665","36,833","37,249","36,297.20","35,851.10","35,241.48","3,192,953","119,141,111,250"
2011-05-09,"36,094","37,434","36,094","36,741","36,158.60","35,691.65","35,226.84","3,838,837","141,951,843,400"
2011-05-06,"35,585","35,863","34,661","35,447","35,927.40","35,587.65","35,213.36","2,686,574","94,516,461,350"
2011-05-04,"36,556","36,833","35,447","35,632","36,213.80","35,525.25","35,207.58","2,350,023","84,506,656,450"
2011-05-03,"36,094","36,926","35,909","36,417","36,611.20","35,444.35","35,209.12","2,334,244","85,314,691,550"
2011-05-02,"35,493","37,018","35,169","36,556","36,685.20","35,324.20","35,208.35","3,047,003","111,289,558,850"
2011-04-29,"36,279","36,602","34,846","35,585","36,934.80","35,141.65","35,211.04","5,097,879","180,417,144,900"
2011-04-28,"37,619","38,035","36,741","36,879","37,295.40","35,000.70","35,217.59","2,270,184","84,766,319,750"
2011-04-27,"37,157","38,312","36,926","37,619","37,286.20","34,746.55","35,211.05","3,772,234","142,224,618,850"
2011-04-26,"37,804","37,804","36,232","36,787","37,166.00","34,420.70","35,189.48","3,798,458","139,679,955,600"
2011-04-25,"37,249","38,173","37,018","37,804","36,944.20","34,157.25","35,175.62","2,882,117","109,148,808,100"
2011-04-22,"37,111","38,035","36,787","37,388","36,056.80","33,877.65","35,154.82","5,078,207","190,528,148,300"
2011-04-21,"37,526","37,573","36,371","36,833","35,289.60","33,616.50","35,139.79","5,443,790","201,496,559,850"
2011-04-20,"36,186","37,295","36,186","37,018","34,614.80","33,371.55","35,137.10","7,822,199","288,982,922,950"
2011-04-19,"34,384","36,048","34,291","35,678","33,986.20","33,112.75","35,136.72","10,146,417","358,259,891,050"
2011-04-18,"33,691","34,107","33,044","33,367","33,477.80","32,920.95","35,155.20","2,634,921","88,536,270,150"
2011-04-15,"33,275","33,875","32,628","33,552","33,616.40","32,870.10","35,195.64","3,080,789","102,675,424,900"
2011-04-14,"33,875","33,922","33,090","33,459","33,838.20","32,803.10","35,233.77","3,216,453","107,191,086,200"
2011-04-13,"33,413","34,107","33,321","33,875","33,986.20","32,759.20","35,258.80","2,096,095","70,824,725,350"
2011-04-12,"33,598","33,783","32,905","33,136","34,014.00","32,724.55","35,286.53","3,519,156","116,911,475,250"
2011-04-11,"34,661","35,169","33,783","34,060","34,189.60","32,731.50","35,321.97","2,492,368","86,018,652,700"
2011-04-08,"34,245","35,169","34,199","34,661","33,958.60","32,715.35","35,353.17","3,852,594","134,182,543,000"
2011-04-07,"34,384","35,031","34,199","34,199","33,579.60","32,599.80","35,382.05","4,398,419","152,440,296,400"
2011-04-06,"34,107","34,846","33,737","34,014","33,099.00","32,472.70","35,403.62","4,668,971","160,387,935,500"
2011-04-05,"33,136","34,522","33,090","34,014","32,516.60","32,412.60","35,417.48","6,883,414","233,947,129,550"
2011-04-04,"32,997","33,182","32,443","32,905","32,017.40","32,371.00","35,423.26","2,291,387","75,237,498,700"
2011-04-01,"31,981","33,182","31,888","32,766","31,878.80","32,384.85","35,439.43","6,995,313","228,341,926,600"
2011-03-31,"31,334","32,073","31,241","31,796","31,758.60","32,419.50","35,468.32","4,640,784","147,197,196,750"
2011-03-30,"31,426","31,611","30,779","31,102","31,786.20","32,505.00","35,509.14","6,385,491","198,045,977,900"
2011-03-29,"31,934","32,165","31,334","31,518","31,934.20","32,604.40","35,554.21","4,155,010","131,056,940,400"
2011-03-28,"32,397","32,443","31,934","32,212","31,999.00","32,683.00","35,586.95","1,419,712","45,622,862,150"
2011-03-25,"32,350","32,397","31,934","32,165","32,026.60","32,754.60","35,613.53","2,148,721","69,194,725,650"
2011-03-24,"32,119","32,397","31,611","31,934","32,036.00","32,821.65","35,645.88","2,136,280","67,548,677,300"
2011-03-23,"31,796","32,027","31,287","31,842","32,165.40","32,923.35","35,683.24","2,496,333","78,799,474,300"
2011-03-22,"32,535","32,628","31,518","31,842","32,433.40","33,045.80","35,722.14","2,826,484","89,921,838,500"
2011-03-21,"32,350","32,628","32,212","32,350","32,720.00","33,159.05","35,746.41","1,675,677","54,240,102,950"
2011-03-18,"32,350","32,581","31,703","32,212","32,997.40","33,226.10","35,767.98","2,648,131","84,927,252,700"
2011-03-17,"32,397","32,581","32,027","32,581","33,025.00","33,267.70","35,789.93","2,288,164","73,882,465,800"
2011-03-16,"34,014","34,199","32,905","33,182","32,840.20","33,300.05","35,808.80","2,370,066","79,181,835,300"
2011-03-15,"33,413","34,060","32,443","33,275","32,766.20","33,327.80","35,828.82","3,499,976","116,688,997,250"
2011-03-14,"33,459","34,107","32,905","33,737","32,747.60","33,387.85","35,845.77","6,114,362","205,808,757,650"
2011-03-11,"31,241","32,628","31,149","32,350","32,636.60","33,413.25","35,851.54","3,239,535","103,852,094,150"
2011-03-10,"32,350","32,489","31,334","31,657","32,858.40","33,540.35","35,862.72","5,570,758","176,183,542,550"
2011-03-09,"33,275","33,413","32,628","32,812","33,228.20","33,722.90","35,886.21","2,160,582","70,980,476,800"
2011-03-08,"33,182","33,459","33,044","33,182","33,283.80","33,838.45","35,899.69","2,020,118","67,149,968,600"
2011-03-07,"33,644","33,783","33,090","33,182","33,265.40","33,958.60","35,910.48","1,417,109","47,157,844,700"
2011-03-04,"33,875","34,014","33,321","33,459","33,357.80","34,083.40","35,913.56","2,609,640","87,619,248,200"
2011-03-03,"33,506","33,644","33,182","33,506","33,367.20","34,173.55","35,915.10","1,358,398","45,483,443,800"
2011-03-02,"33,090","33,275","32,905","33,090","33,459.60","34,270.60","35,918.57","1,170,540","38,738,504,850"
2011-02-28,"33,367","33,644","32,951","33,090","33,699.80","34,411.55","35,925.50","1,490,631","49,385,663,000"
2011-02-25,"33,506","33,737","33,275","33,644","33,903.20","34,601.00","35,923.18","1,477,702","49,597,283,800"
2011-02-24,"33,552","33,691","33,044","33,506","33,912.60","34,753.55","35,898.93","1,731,570","57,684,084,400"
2011-02-23,"34,153","34,338","33,644","33,968","33,820.20","34,866.75","35,876.20","2,187,823","74,117,513,150"
2011-02-22,"33,922","34,846","33,413","34,291","33,672.20","34,892.15","35,857.32","2,281,336","78,176,464,250"
2011-02-21,"34,107","34,430","33,968","34,107","33,561.40","34,931.45","35,831.91","2,846,739","97,426,776,050"
2011-02-18,"33,367","34,060","33,182","33,691","33,635.20","35,007.70","35,811.88","2,693,754","90,242,838,450"
2011-02-17,"33,090","33,367","32,859","33,044","33,746.00","35,046.95","35,789.92","2,451,594","81,080,626,350"
2011-02-16,"33,506","33,644","32,720","33,228","34,115.60","35,120.85","35,774.51","4,517,494","149,629,026,700"
2011-02-15,"34,199","34,291","33,228","33,737","34,531.60","35,215.60","35,758.73","3,839,080","128,988,419,450"
2011-02-14,"34,522","34,707","33,968","34,476","34,808.80","35,310.35","35,749.48","2,437,158","83,668,980,300"
2011-02-11,"34,707","35,123","34,107","34,245","35,030.60","35,351.95","35,739.48","2,299,464","79,493,274,500"
2011-02-10,"35,262","35,262","34,707","34,892","35,317.20","35,421.30","35,728.69","2,276,269","79,469,379,250"
2011-02-09,"35,493","35,770","35,169","35,308","35,391.20","35,472.15","35,716.37","2,088,275","73,969,882,950"
2011-02-08,"35,585","36,140","34,985","35,123","35,419.00","35,536.85","35,699.81","3,012,717","106,710,736,500"
2011-02-07,"36,186","36,371","35,493","35,585","35,576.20","35,617.75","35,685.94","1,865,978","66,993,177,550"
2011-02-01,"35,169","36,325","35,169","35,678","35,835.00","35,691.70","35,663.61","2,016,479","72,168,891,050"
2011-01-31,"34,800","35,678","34,754","35,262","36,038.40","35,800.30","35,645.89","1,478,118","52,172,492,700"
2011-01-28,"35,955","36,001","34,846","35,447","36,140.00","35,925.10","35,645.12","3,450,201","121,734,017,550"
2011-01-27,"36,972","36,972","35,724","35,909","35,945.80","35,992.10","35,640.11","3,544,283","128,194,552,650"
2011-01-26,"36,833","37,203","36,279","36,879","35,779.40","36,045.25","35,632.02","3,660,904","135,110,612,000"
2011-01-25,"36,094","37,064","35,863","36,695","35,530.00","36,047.60","35,609.30","6,903,060","253,451,583,950"
2011-01-24,"34,338","35,955","34,291","35,770","35,086.20","36,015.25","35,583.88","3,885,366","137,811,230,400"
2011-01-21,"34,754","34,846","34,338","34,476","34,836.60","36,024.50","35,573.87","1,964,652","67,818,996,850"
2011-01-20,"35,493","35,632","34,661","35,077","34,966.00","36,126.20","35,566.17","3,683,060","129,171,884,350"
2011-01-19,"34,985","35,816","34,892","35,632","35,077.00","36,190.90","35,553.46","4,170,135","147,895,098,200"
2011-01-18,"34,384","35,123","34,245","34,476","35,012.20","36,225.55","35,534.20","3,079,891","107,020,474,950"
2011-01-17,"35,169","35,447","34,384","34,522","35,243.40","36,313.35","35,536.90","3,485,077","121,094,965,800"
2011-01-14,"35,955","35,955","34,754","35,123","35,520.80","36,447.40","35,535.75","4,483,452","157,147,016,000"
2011-01-13,"35,493","36,232","35,308","35,632","35,816.60","36,565.25","35,533.82","3,362,361","120,175,585,600"
2011-01-12,"35,632","36,001","35,077","35,308","36,038.40","36,655.35","35,519.57","3,733,799","132,241,759,950"
2011-01-11,"35,863","35,909","35,077","35,632","36,389.60","36,812.50","35,498.01","3,653,647","129,209,963,950"
2011-01-10,"36,371","36,741","35,770","35,909","36,833.20","36,958.05","35,482.22","3,082,630","111,015,136,600"
2011-01-07,"36,972","37,249","36,140","36,602","37,203.00","37,064.35","35,465.27","2,883,196","105,645,934,400"
2011-01-06,"37,388","37,804","36,695","36,741","37,240.00","37,131.35","35,446.40","3,236,884","120,701,895,600"
2011-01-05,"37,758","37,758","36,741","37,064","37,286.20","37,154.45","35,429.84","2,342,305","87,100,709,500"
2011-01-04,"38,081","38,081","37,388","37,850","37,258.60","37,221.50","35,425.61","2,085,432","78,695,507,300"
2011-01-03,"37,342","37,804","37,018","37,758","36,898.20","37,228.45","35,421.38","1,972,455","74,108,820,950"
2010-12-30,"36,787","36,972","36,371","36,787","36,537.60","37,184.50","35,410.58","1,646,452","60,315,982,300"
2010-12-29,"36,879","37,064","36,602","36,972","36,482.20","37,216.85","35,413.67","1,431,075","52,648,053,900"
2010-12-28,"36,279","37,157","36,279","36,926","36,362.00","37,216.85","35,415.21","2,104,086","77,593,825,050"
2010-12-27,"36,001","36,648","35,632","36,048","36,241.80","37,198.35","35,414.05","1,545,375","55,840,271,500"
2010-12-24,"36,556","36,879","35,632","35,955","36,278.60","37,286.15","35,416.74","1,994,704","71,924,087,400"
2010-12-23,"36,556","36,741","36,279","36,510","36,528.20","37,376.30","35,422.91","1,414,129","51,623,234,100"
2010-12-22,"36,510","36,879","36,186","36,371","36,722.20","37,482.60","35,411.35","2,326,778","84,819,388,850"
2010-12-21,"36,510","36,879","35,955","36,325","36,934.80","37,600.45","35,409.81","2,670,625","97,396,041,000"
2010-12-20,"36,741","36,926","35,863","36,232","37,360.00","37,716.00","35,407.88","3,394,655","123,006,123,500"
2010-12-17,"37,619","37,989","36,926","37,203","37,822.20","37,801.50","35,421.75","3,301,470","123,085,761,050"
2010-12-16,"37,480","37,665","37,157","37,480","37,988.60","37,741.40","35,436.00","2,195,233","82,130,656,100"
2010-12-15,"38,220","38,220","37,157","37,434","38,081.00","37,630.50","35,456.42","4,433,758","165,989,016,750"
2010-12-14,"38,820","39,098","38,081","38,451","38,034.80","37,487.25","35,470.67","2,356,435","90,616,782,370"
2010-12-13,"38,358","38,913","37,804","38,543","38,025.60","37,313.95","35,474.52","2,132,469","82,327,919,700"
2010-12-10,"37,573","38,266","37,480","38,035","37,914.80","37,161.45","35,479.14","2,082,330","78,792,713,400"
2010-12-09,"36,972","37,942","36,833","37,942","37,683.60","37,015.85","35,488.77","2,590,706","97,251,050,850"
2010-12-08,"38,543","38,820","37,064","37,203","37,582.00","36,856.45","35,503.02","3,269,418","123,356,543,900"
2010-12-07,"38,173","38,913","37,989","38,405","37,535.80","36,787.10","35,521.12","2,963,679","114,150,198,650"
2010-12-06,"37,064","38,266","37,018","37,989","37,166.00","36,683.10","35,531.51","3,297,404","125,080,683,500"
2010-12-03,"37,711","37,758","36,371","36,879","37,129.00","36,627.60","35,536.13","2,834,363","104,719,291,300"
2010-12-02,"37,342","37,850","37,064","37,434","37,304.80","36,602.20","35,546.53","2,399,213","89,840,558,950"
2010-12-01,"36,510","37,111","35,955","36,972","37,545.20","36,535.20","35,556.15","2,212,922","80,561,115,050"
2010-11-30,"37,526","37,711","36,232","36,556","37,896.40","36,438.15","35,565.01","3,172,631","116,732,328,300"
2010-11-29,"37,896","38,081","37,111","37,804","38,312.40","36,366.50","35,570.78","1,397,344","52,638,814,550"
2010-11-26,"38,636","39,005","36,926","37,758","38,340.00","36,241.70","35,571.55","3,039,418","114,344,602,550"
2010-11-25,"39,052","39,098","37,942","38,636","37,988.60","36,133.05","35,580.40","2,681,032","103,281,429,850"
2010-11-24,"38,081","39,283","37,896","38,728","37,313.80","36,026.75","35,596.18","5,488,517","212,877,686,350"
2010-11-23,"38,358","38,913","38,266","38,636","36,482.00","35,938.95","35,622.38","5,453,696","210,475,995,250"
2010-11-22,"36,279","37,942","36,186","37,942","35,751.80","35,901.95","35,641.24","5,437,721","204,144,870,600"
2010-11-19,"35,585","36,094","35,493","36,001","35,262.00","35,915.85","35,668.20","1,692,085","60,718,978,750"
2010-11-18,"34,754","35,678","34,754","35,262","35,086.40","36,022.15","35,711.73","1,903,897","67,379,219,250"
2010-11-17,"34,800","35,447","34,338","34,569","34,984.80","36,082.20","35,758.71","1,985,120","68,996,762,600"
2010-11-16,"35,632","35,632","34,938","34,985","35,234.20","36,213.90","35,800.68","1,651,225","58,017,347,100"
2010-11-15,"34,800","36,325","34,661","35,493","35,502.20","36,334.05","35,831.49","2,241,479","80,129,412,750"
2010-11-12,"35,539","35,539","34,338","35,123","35,779.40","36,449.60","35,856.53","3,279,930","114,842,053,930"
2010-11-11,"35,770","36,463","34,754","34,754","36,029.00","36,599.80","35,886.18","3,321,923","118,066,416,250"
2010-11-10,"35,678","36,417","35,216","35,816","36,297.00","36,701.45","35,913.14","2,706,138","96,831,054,300"
2010-11-09,"37,064","37,157","36,094","36,325","36,140.00","36,694.55","35,943.18","2,094,083","76,215,116,700"
2010-11-08,"37,434","37,434","36,833","36,879","35,899.60","36,613.65","35,965.52","2,784,633","103,460,116,150"
2010-11-05,"37,249","37,249","36,186","36,371","35,585.40","36,512.00","35,996.33","3,170,601","116,577,938,000"
2010-11-04,"35,216","36,325","35,216","36,094","35,428.20","36,505.05","36,044.09","4,189,613","150,817,026,750"
2010-11-03,"35,493","35,955","35,031","35,031","35,511.40","36,535.10","36,089.92","1,781,173","63,151,276,000"
2010-11-02,"35,216","35,955","34,846","35,123","35,899.60","36,609.05","36,133.05","1,837,146","64,718,757,350"
2010-11-01,"35,401","35,909","34,985","35,308","36,454.20","36,625.25","36,173.11","2,185,798","77,351,035,700"
2010-10-29,"36,787","36,787","35,262","35,585","37,036.60","36,629.90","36,224.72","3,139,161","111,908,014,300"
2010-10-28,"36,695","37,388","36,325","36,510","37,545.00","36,653.05","36,267.08","2,221,236","81,407,985,850"
2010-10-27,"37,480","37,758","36,787","36,972","37,535.60","36,648.40","36,309.44","3,656,948","135,457,635,650"
2010-10-26,"38,266","38,312","37,619","37,896","37,581.80","36,625.30","36,356.43","2,226,521","84,222,782,450"
2010-10-25,"38,312","38,682","37,573","38,220","37,480.20","36,468.20","36,400.33","2,187,130","83,541,020,850"
2010-10-22,"36,695","38,173","36,648","38,127","37,397.00","36,304.10","36,450.78","3,637,399","137,632,120,150"
2010-10-21,"37,157","37,295","36,463","36,463","37,397.00","36,140.05","36,489.68","2,766,006","101,632,348,150"
2010-10-20,"36,879","37,896","36,463","37,203","37,461.80","36,059.20","36,537.06","3,154,635","117,192,499,650"
2010-10-19,"37,434","37,942","36,972","37,388","37,156.80","35,978.30","36,575.18","3,451,312","128,926,074,950"
2010-10-18,"38,451","38,589","37,480","37,804","36,620.60","35,874.30","36,616.78","2,336,292","88,521,940,350"
2010-10-15,"36,602","38,312","36,186","38,127","36,029.00","35,705.60","36,651.82","5,470,064","206,445,277,700"
2010-10-14,"36,417","36,879","36,232","36,787","35,650.00","35,483.80","36,672.62","3,248,426","119,120,050,200"
2010-10-13,"35,169","36,325","35,077","35,678","35,631.60","35,368.25","36,703.04","2,956,121","105,732,549,900"
2010-10-12,"35,031","35,539","34,615","34,707","35,798.00","35,305.85","36,730.00","2,033,556","71,120,419,700"
2010-10-11,"36,232","36,556","34,661","34,846","35,946.00","35,294.30","36,761.58","3,965,629","140,258,943,100"
2010-10-08,"36,463","36,556","35,863","36,232","36,057.00","35,229.60","36,802.41","1,931,247","69,848,815,750"
2010-10-07,"36,094","36,787","35,909","36,695","36,020.20","35,100.20","36,830.91","2,318,427","84,633,650,250"
2010-10-06,"36,048","36,879","35,770","36,510","35,964.60","34,961.55","36,854.78","4,375,363","159,330,917,050"
2010-10-05,"35,031","35,539","34,661","35,447","35,964.60","34,832.15","36,872.50","2,858,829","100,194,578,350"
2010-10-04,"35,863","35,863","34,846","35,401","35,826.00","34,700.40","36,894.07","4,255,316","149,855,599,900"
2010-10-01,"36,417","36,602","35,770","36,048","35,733.40","34,467.00","36,927.95","2,327,180","83,917,861,600"
2010-09-30,"36,972","37,064","36,232","36,417","35,493.00","34,203.55","36,964.53","4,048,477","148,169,832,450"
2010-09-29,"35,169","36,648","35,031","36,510","35,178.80","33,967.85","36,992.27","5,706,143","206,159,051,150"
2010-09-28,"34,938","35,216","34,153","34,754","34,993.80","33,704.40","37,016.14","2,904,389","100,652,400,450"
2010-09-27,"35,401","35,447","34,291","34,938","35,104.60","33,551.85","37,065.05","3,864,467","134,739,781,050"
2010-09-24,"34,938","35,123","34,107","34,846","35,003.00","33,357.75","37,105.11","2,186,070","75,919,451,150"
2010-09-20,"35,308","35,354","34,754","34,846","34,772.00","33,175.20","37,135.92","2,281,391","79,792,987,790"
2010-09-17,"35,724","35,770","34,615","35,585","34,698.00","32,999.60","37,153.25","3,816,108","134,133,970,850"
2010-09-16,"34,754","35,585","34,615","35,308","34,467.00","32,851.75","37,164.03","4,661,702","164,325,893,750"
2010-09-15,"33,783","34,661","33,783","34,430","34,300.60","32,750.10","37,170.20","2,975,203","102,011,110,400"
2010-09-14,"34,569","34,615","33,506","33,691","34,125.00","32,676.15","37,181.37","3,045,015","103,012,877,370"
2010-09-13,"34,476","34,846","33,922","34,476","34,115.60","32,662.25","37,200.62","3,279,491","112,284,278,200"
2010-09-10,"34,522","35,262","34,199","34,430","34,004.80","32,604.50","37,214.48","3,812,908","132,583,931,500"
2010-09-09,"33,598","34,615","33,552","34,476","33,903.20","32,555.95","37,230.28","4,791,974","164,013,788,900"
2010-09-08,"33,136","33,691","32,997","33,552","33,570.40","32,477.40","37,234.90","2,964,143","98,914,973,150"
2010-09-07,"33,275","34,014","33,136","33,644","33,006.60","32,477.40","37,253.38","2,575,335","86,165,730,100"
2010-09-06,"34,384","34,569","33,413","33,922","32,433.60","32,553.65","37,269.56","3,659,145","124,135,939,460"
2010-09-03,"32,997","34,107","32,859","33,922","31,989.80","32,599.85","37,282.65","5,420,539","182,475,637,050"
2010-09-02,"31,981","32,997","31,657","32,812","31,453.60","32,650.65","37,283.03","6,476,896","209,102,358,450"
2010-09-01,"31,056","31,102","30,224","30,733","31,231.80","32,717.70","37,286.12","2,744,029","84,118,690,350"
2010-08-31,"31,426","31,565","30,132","30,779","31,296.40","32,863.25","37,307.30","4,131,804","126,527,320,750"
2010-08-30,"31,750","32,027","31,334","31,703","31,379.60","33,052.75","37,321.93","1,883,801","59,660,039,250"
2010-08-27,"31,611","31,796","30,964","31,241","31,305.80","33,145.20","37,328.87","1,954,057","61,174,577,100"
2010-08-26,"31,334","32,119","31,241","31,703","31,583.20","33,260.75","37,338.11","3,206,767","101,898,638,250"
2010-08-25,"30,918","31,703","30,918","31,056","31,897.60","33,341.65","37,348.51","2,262,756","70,686,387,400"
2010-08-24,"31,334","31,703","30,871","31,195","32,276.60","33,528.85","37,368.53","2,768,176","86,788,832,650"
2010-08-23,"32,258","32,304","31,241","31,334","32,720.20","33,688.30","37,387.02","5,029,626","158,966,653,700"
2010-08-20,"32,720","32,905","32,304","32,628","33,117.60","33,866.20","37,402.80","3,301,498","107,402,344,400"
2010-08-19,"32,951","33,367","32,951","33,275","33,283.80","33,930.90","37,400.48","1,976,135","65,626,862,600"
2010-08-18,"33,459","33,644","32,812","32,951","33,209.80","33,903.15","37,389.70","2,837,225","93,771,334,690"
2010-08-17,"33,044","33,644","32,997","33,413","33,330.00","33,942.45","37,383.54","1,879,613","62,685,794,150"
2010-08-16,"33,090","33,413","32,628","33,321","33,681.20","33,965.55","37,375.84","1,686,611","55,661,189,900"
2010-08-13,"33,182","33,783","33,044","33,459","33,986.20","34,016.40","37,379.69","1,985,099","66,445,600,300"
2010-08-12,"32,766","33,459","32,535","32,905","34,282.00","34,081.15","37,395.10","2,456,236","81,145,284,400"
2010-08-11,"34,522","34,707","33,413","33,552","34,531.60","34,263.70","37,408.57","4,252,968","143,884,463,700"
2010-08-10,"34,938","35,262","34,615","35,169","34,550.00","34,453.20","37,423.98","2,340,333","81,919,223,800"
2010-08-09,"34,245","35,123","34,060","34,846","34,430.00","34,517.90","37,426.30","2,633,940","91,365,663,000"
2010-08-06,"33,829","35,031","33,275","34,938","34,171.20","34,633.45","37,419.37","4,678,781","159,830,440,100"
2010-08-05,"34,014","34,291","33,367","34,153","33,894.00","34,744.40","37,412.44","3,126,971","105,553,079,300"
2010-08-04,"34,476","34,707","33,459","33,644","33,727.60","34,876.10","37,418.22","2,725,741","92,401,290,500"
2010-08-03,"33,922","34,800","33,922","34,569","33,958.80","35,012.45","37,428.62","3,642,752","125,692,530,100"
2010-08-02,"33,829","33,829","32,905","33,552","33,921.80","35,118.75","37,431.69","2,370,886","79,148,142,750"
2010-07-30,"33,275","33,829","33,182","33,552","34,189.80","35,197.30","37,437.85","2,526,792","84,489,601,700"
2010-07-29,"34,569","34,661","33,182","33,321","34,263.80","35,329.00","37,436.69","7,229,509","241,652,522,350"
2010-07-28,"34,800","34,892","34,291","34,800","34,143.60","35,467.65","37,446.32","1,895,289","65,528,699,500"
2010-07-27,"35,401","35,539","34,245","34,384","33,931.00","35,622.45","37,449.01","3,542,909","122,596,323,900"
2010-07-26,"34,153","35,169","34,153","34,892","33,829.20","35,848.90","37,448.63","4,427,432","154,143,438,200"
2010-07-23,"33,136","34,107","32,997","33,922","33,718.40","36,100.80","37,442.85","5,431,348","182,780,368,900"
2010-07-22,"33,552","33,968","32,258","32,720","33,884.80","36,361.90","37,452.09","5,681,602","186,688,981,150"
2010-07-21,"34,107","34,522","33,275","33,737","34,652.00","36,671.55","37,489.83","4,867,228","164,763,509,350"
2010-07-20,"34,245","34,245","33,321","33,875","35,373.00","36,939.60","37,505.23","4,566,836","154,178,910,050"
2010-07-19,"34,476","35,123","34,014","34,338","35,890.60","37,205.35","37,524.88","3,494,497","120,615,586,300"
2010-07-16,"36,186","36,232","34,754","34,754","36,454.40","37,471.05","37,549.13","7,122,881","250,223,359,650"
2010-07-15,"37,342","37,388","36,463","36,556","36,935.00","37,702.10","37,579.17","4,117,697","150,545,205,250"
2010-07-14,"37,203","37,619","37,018","37,342","36,981.20","37,856.90","37,597.27","2,440,558","91,094,538,450"
2010-07-13,"37,388","37,896","36,417","36,463","36,787.00","37,916.95","37,594.57","3,097,175","114,805,809,650"
2010-07-12,"37,434","37,526","36,879","37,157","36,833.40","38,000.15","37,605.74","1,654,156","61,628,234,400"
2010-07-09,"37,342","37,526","36,279","37,157","36,426.60","38,071.75","37,613.06","1,809,893","66,930,761,500"
2010-07-08,"36,972","37,342","36,556","36,787","36,232.40","38,115.65","37,614.60","2,115,779","78,039,613,750"
2010-07-07,"36,510","36,787","35,493","36,371","36,093.80","38,138.75","37,619.23","3,257,180","117,360,265,250"
2010-07-06,"34,661","36,695","34,661","36,695","36,398.80","38,215.00","37,611.53","3,793,511","135,542,372,550"
2010-07-05,"36,094","36,140","35,123","35,123","36,842.40","38,321.25","37,601.89","2,529,899","89,613,393,100"
2010-07-02,"35,955","36,833","35,909","36,186","37,803.80","38,591.60","37,605.74","2,893,523","105,238,180,200"
2010-07-01,"37,342","37,434","35,678","36,094","38,395.40","38,875.85","37,614.98","6,052,195","219,755,969,800"
2010-06-30,"37,896","38,266","37,480","37,896","38,959.20","39,116.15","37,616.91","3,387,079","128,110,047,100"
2010-06-29,"39,883","40,068","38,820","38,913","39,199.60","39,280.20","37,622.30","1,818,003","71,553,295,150"
2010-06-28,"39,652","40,577","39,606","39,930","39,255.00","39,395.75","37,616.53","3,634,584","145,828,947,900"
2010-06-25,"38,173","39,329","38,173","39,144","39,199.40","39,444.25","37,603.43","2,064,214","80,351,588,950"
2010-06-24,"39,236","39,514","38,728","38,913","39,245.60","39,467.35","37,579.55","1,797,893","70,089,137,950"
2010-06-23,"38,913","39,421","38,728","39,098","39,393.40","39,455.80","37,551.82","1,900,003","74,150,022,250"
2010-06-22,"39,329","39,560","38,682","39,190","39,282.40","39,425.75","37,522.54","1,978,841","77,297,091,250"
2010-06-21,"39,606","39,883","38,682","39,652","39,069.80","39,400.35","37,496.36","2,491,673","97,803,878,500"
2010-06-18,"39,283","39,421","38,820","39,375","38,857.20","39,317.20","37,463.63","2,745,087","107,463,441,450"
2010-06-17,"38,451","39,745","38,127","39,652","38,589.20","39,319.50","37,428.97","3,756,203","146,491,078,600"
2010-06-16,"38,913","39,098","38,358","38,543","38,108.60","39,287.15","37,392.77","3,562,673","137,998,339,000"
2010-06-15,"38,636","38,636","37,526","38,127","37,979.20","39,388.85","37,358.88","3,057,603","116,477,521,400"
2010-06-14,"38,266","38,867","38,220","38,589","38,117.80","39,587.60","37,320.75","2,194,472","84,722,620,700"
2010-06-11,"38,081","38,451","37,711","38,035","38,506.00","39,737.80","37,276.07","3,759,401","143,281,870,500"
2010-06-10,"37,896","38,451","37,249","37,249","39,273.20","39,846.40","37,235.63","4,396,547","165,937,137,600"
2010-06-09,"38,636","38,959","37,157","37,896","40,003.40","39,980.45","37,201.74","7,707,137","290,764,571,910"
2010-06-08,"40,530","41,177","38,543","38,820","40,659.60","40,160.70","37,162.84","6,595,248","262,251,111,150"
2010-06-07,"40,669","40,900","40,161","40,530","41,140.40","40,253.15","37,118.56","3,045,955","123,118,921,700"
2010-06-04,"40,854","42,102","40,530","41,871","41,214.40","40,306.30","37,054.63","4,068,976","169,272,120,200"
2010-06-03,"41,270","41,409","40,299","40,900","40,761.40","40,343.25","36,972.60","3,337,003","136,374,456,250"
2010-06-01,"41,224","41,455","40,577","41,177","40,317.80","40,456.50","36,901.74","2,071,185","84,676,886,850"
2010-05-31,"40,854","41,732","40,854","41,224","39,781.80","40,611.35","36,829.34","2,177,407","89,824,417,450"
2010-05-28,"40,346","41,224","40,022","40,900","39,273.40","40,689.90","36,755.39","4,186,370","170,738,251,850"
2010-05-27,"38,173","39,976","37,804","39,606","38,691.20","40,752.30","36,679.14","3,605,691","141,542,931,200"
2010-05-26,"38,497","39,098","37,942","38,682","38,654.20","40,860.90","36,610.98","2,074,783","80,220,262,050"
2010-05-25,"38,081","38,497","36,695","38,497","38,718.80","41,045.75","36,535.49","2,977,007","112,279,488,400"
2010-05-24,"37,619","39,005","37,619","38,682","39,134.80","41,221.35","36,453.07","2,188,859","84,367,961,850"
2010-05-20,"38,820","39,467","36,972","37,989","39,818.80","41,318.40","36,378.74","4,025,395","153,392,760,050"
2010-05-19,"38,081","39,699","37,157","39,421","40,539.60","41,440.85","36,309.80","4,465,677","171,326,744,250"
2010-05-18,"40,022","40,207","38,173","39,005","40,696.80","41,415.45","36,228.93","5,137,206","199,071,305,350"
2010-05-17,"41,224","41,316","39,375","40,577","40,881.80","41,390.05","36,150.36","4,227,020","170,198,455,150"
2010-05-14,"41,362","42,472","40,854","42,102","41,066.60","41,348.45","36,056.38","2,289,955","96,019,547,050"
2010-05-13,"40,484","41,732","40,484","41,593","40,780.00","41,225.95","35,948.16","2,176,305","90,186,751,100"
2010-05-12,"40,068","41,224","38,728","40,207","40,780.00","41,124.30","35,843.41","5,058,468","203,014,974,500"
2010-05-11,"42,009","42,009","39,699","39,930","41,260.60","41,045.75","35,750.21","3,720,281","152,079,328,850"
2010-05-10,"41,224","41,686","41,131","41,501","41,907.60","40,951.00","35,660.08","2,486,117","102,998,509,500"
2010-05-07,"40,484","41,270","39,375","40,669","42,462.20","40,849.30","35,551.09","4,661,632","188,619,560,000"
2010-05-06,"40,993","41,686","40,762","41,593","42,887.40","40,837.75","35,440.18","3,920,484","161,744,675,800"
2010-05-04,"42,980","44,366","42,194","42,610","42,998.40","40,745.35","35,324.64","3,381,348","145,897,861,700"
2010-05-03,"43,812","44,089","42,102","43,165","42,832.00","40,583.60","35,195.63","3,601,263","154,995,751,250"
2010-04-30,"43,350","44,459","43,257","44,274","42,674.80","40,456.50","35,060.44","3,468,265","153,188,774,600"
2010-04-29,"42,148","43,257","41,778","42,795","42,221.80","40,230.05","34,921.03","2,504,297","106,739,393,200"
2010-04-28,"40,669","42,795","40,669","42,148","41,787.40","40,017.45","34,792.78","3,103,008","129,726,422,650"
2010-04-27,"42,102","42,333","41,131","41,778","41,445.40","39,756.35","34,671.84","2,225,789","92,624,266,100"
2010-04-26,"42,148","42,795","41,963","42,379","40,872.40","39,511.40","34,548.99","2,159,403","91,625,968,850"
2010-04-23,"41,963","42,287","41,409","42,009","40,096.00","39,194.85","34,418.43","3,426,952","143,684,582,450"
2010-04-22,"40,669","40,669","39,883","40,623","39,643.20","38,882.90","34,290.57","2,148,323","86,855,352,650"
2010-04-21,"39,421","40,623","39,190","40,438","39,449.00","38,651.80","34,177.73","2,643,610","105,557,392,850"
2010-04-20,"38,820","38,959","38,497","38,913","39,273.40","38,436.90","34,066.05","1,879,230","72,844,657,040"
2010-04-19,"39,052","39,098","38,497","38,497","39,218.00","38,307.50","33,976.32","2,245,636","86,912,479,750"
2010-04-16,"39,976","40,161","39,329","39,745","39,125.60","38,134.20","33,896.21","1,717,817","68,415,037,800"
2010-04-15,"39,930","40,068","39,144","39,652","39,070.00","37,935.45","33,806.48","1,912,150","75,883,409,150"
2010-04-14,"39,005","40,022","38,959","39,560","39,227.20","37,732.10","33,722.13","2,083,286","82,263,737,300"
2010-04-13,"38,543","38,774","37,989","38,636","39,264.20","37,528.75","33,644.73","1,972,960","75,876,140,650"
2010-04-12,"39,375","39,652","38,035","38,035","39,412.00","37,295.35","33,576.17","3,375,696","129,856,813,200"
2010-04-09,"40,022","40,253","39,098","39,467","39,929.60","37,052.70","33,504.53","2,998,687","118,460,344,000"
2010-04-08,"39,144","40,623","39,052","40,438","39,985.20","36,743.10","33,420.97","3,259,772","130,787,992,230"
2010-04-07,"39,098","40,484","38,405","39,745","39,606.20","36,347.95","33,340.09","3,328,851","131,343,678,650"
2010-04-06,"40,715","40,808","39,375","39,375","39,042.40","35,987.45","33,264.61","2,904,430","115,510,287,350"
2010-04-05,"40,346","40,993","40,115","40,623","38,543.20","35,636.20","33,194.52","4,114,487","167,076,553,200"
2010-04-02,"38,682","39,930","38,405","39,745","37,628.20","35,252.60","33,112.48","4,551,629","179,505,541,400"
2010-04-01,"37,157","38,913","37,064","38,543","36,833.20","34,938.30","33,040.07","4,501,912","171,170,864,200"
2010-03-31,"36,972","37,804","36,695","36,926","36,324.80","34,681.80","32,974.61","3,253,753","121,482,416,900"
2010-03-30,"36,556","37,064","36,510","36,879","36,167.60","34,496.90","32,921.46","2,247,710","82,886,513,600"
2010-03-29,"35,262","36,463","35,262","36,048","36,056.80","34,270.45","32,861.77","2,006,320","72,392,753,300"
2010-03-26,"35,678","36,094","35,123","35,770","35,853.40","34,067.10","32,810.54","2,073,554","73,840,574,900"
2010-03-25,"35,955","36,463","35,585","36,001","35,853.40","33,889.20","32,771.26","2,474,455","89,024,724,200"
2010-03-24,"36,833","36,833","36,140","36,140","35,770.20","33,713.60","32,732.37","2,667,734","97,091,046,300"
2010-03-23,"35,863","36,833","35,724","36,325","35,640.80","33,595.75","32,692.70","4,839,087","175,219,899,380"
2010-03-22,"35,308","35,493","35,031","35,031","35,169.40","33,544.90","32,646.10","2,257,112","79,438,555,710"
2010-03-19,"35,770","35,955","34,892","35,770","34,799.60","33,519.45","32,617.60","3,012,734","106,769,975,800"
2010-03-18,"35,770","36,417","35,447","35,585","34,300.60","33,501.00","32,586.03","3,806,100","136,205,212,450"
2010-03-17,"34,754","35,493","34,522","35,493","33,690.60","33,494.10","32,555.99","5,502,688","193,110,187,650"
2010-03-16,"33,228","34,245","33,182","33,968","33,099.00","33,420.15","32,522.87","4,335,306","146,978,366,500"
2010-03-15,"33,275","33,598","32,859","33,182","32,775.40","33,427.10","32,505.92","2,336,756","77,456,437,250"
2010-03-12,"32,997","33,413","32,859","33,275","32,729.20","33,510.30","32,497.44","3,805,963","126,403,767,750"
2010-03-11,"32,951","32,997","32,535","32,535","32,766.00","33,591.15","32,490.13","2,815,809","92,292,034,300"
2010-03-10,"32,628","32,812","32,350","32,535","32,941.60","33,711.30","32,485.89","2,322,196","75,567,907,900"
2010-03-09,"32,628","32,812","32,165","32,350","33,080.20","33,799.10","32,484.35","3,105,726","100,458,074,200"
2010-03-08,"33,829","33,829","32,859","32,951","33,080.20","33,852.25","32,482.43","3,325,920","110,166,129,900"
2010-03-05,"33,737","33,922","33,090","33,459","32,886.20","33,928.50","32,485.13","1,833,307","61,228,708,150"
2010-03-04,"33,552","33,737","32,674","33,413","32,636.80","34,011.70","32,489.37","2,903,380","96,689,957,550"
2010-03-03,"32,443","33,275","32,350","33,228","32,452.00","34,057.95","32,492.83","2,966,865","98,046,006,440"
2010-03-02,"32,443","32,812","31,934","32,350","32,563.00","34,106.50","32,505.93","2,627,192","84,892,684,200"
2010-02-26,"32,304","32,581","31,611","31,981","33,154.60","34,240.55","32,532.13","2,691,282","85,823,542,400"
2010-02-25,"32,812","32,951","31,934","32,212","33,662.80","34,503.95","32,564.48","3,389,035","109,778,818,550"
2010-02-24,"33,044","33,228","32,397","32,489","34,300.60","34,672.60","32,594.51","5,296,382","173,303,391,350"
2010-02-23,"34,107","34,476","33,644","33,783","34,892.20","34,859.75","32,626.09","5,847,363","198,362,667,900"
2010-02-22,"35,169","35,816","35,169","35,308","34,938.40","35,033.05","32,629.94","1,789,259","63,455,286,750"
2010-02-19,"35,123","35,632","34,338","34,522","34,698.20","35,185.55","32,619.93","1,795,342","62,522,184,950"
2010-02-18,"35,678","35,678","35,216","35,401","34,763.00","35,395.85","32,616.48","1,255,144","44,504,203,650"
2010-02-17,"34,569","35,585","34,476","35,447","34,661.20","35,476.70","32,604.92","2,925,135","102,727,693,450"
2010-02-16,"34,199","34,338","33,691","34,014","34,559.40","35,594.55","32,598.75","1,405,098","47,726,188,850"
2010-02-12,"35,123","35,123","33,922","34,107","34,614.80","35,795.60","32,594.52","2,376,683","81,368,852,700"
2010-02-11,"35,123","35,216","34,291","34,846","34,476.00","35,957.35","32,582.58","2,457,774","85,138,692,550"
2010-02-10,"35,632","35,678","34,569","34,892","34,402.00","36,082.15","32,568.33","2,132,480","74,594,349,250"
2010-02-09,"34,384","35,077","34,245","34,938","34,448.20","36,109.90","32,559.47","1,641,248","57,134,730,550"
2010-02-08,"34,060","34,661","33,829","34,291","34,328.20","36,139.95","32,549.08","2,379,186","81,744,108,150"
2010-02-05,"33,044","33,552","32,951","33,413","34,309.80","36,204.65","32,545.61","1,924,929","64,130,349,850"
2010-02-04,"35,077","35,123","34,107","34,476","34,633.40","36,398.75","32,550.62","2,346,762","80,871,599,400"
2010-02-03,"34,846","35,262","34,754","35,123","35,188.00","36,491.20","32,549.85","1,615,937","56,594,540,750"
2010-02-02,"34,892","34,985","33,922","34,338","35,280.40","36,662.20","32,534.45","1,885,267","64,841,258,750"
2010-02-01,"35,077","35,354","33,598","34,199","35,659.20","36,856.30","32,515.96","3,401,491","116,391,601,200"
2010-01-29,"36,510","36,556","34,800","35,031","36,269.20","37,064.25","32,495.93","3,677,322","130,923,388,550"
2010-01-28,"36,371","37,342","35,955","37,249","36,934.60","37,126.65","32,464.35","2,437,194","89,792,661,700"
2010-01-27,"36,186","36,510","35,493","35,585","37,230.40","37,043.45","32,418.13","1,754,036","62,983,374,850"
2010-01-26,"37,203","37,480","35,678","36,232","37,517.00","37,043.45","32,388.48","2,759,853","100,249,633,800"
2010-01-25,"37,342","37,758","37,157","37,249","37,831.40","37,034.25","32,348.82","2,341,394","87,516,428,800"
2010-01-22,"37,989","38,682","37,111","38,358","37,988.60","36,958.00","32,309.53","2,895,821","110,023,140,900"
2010-01-21,"36,926","39,052","36,879","38,728","37,785.40","36,800.90","32,267.18","4,732,020","181,383,050,100"
2010-01-20,"37,018","37,711","35,909","37,018","37,508.20","36,629.90","32,217.49","3,936,108","144,269,904,350"
2010-01-19,"38,543","38,728","37,573","37,804","37,194.00","36,502.80","32,182.44","1,934,717","73,515,602,500"
2010-01-18,"36,972","38,035","36,741","38,035","36,741.00","36,290.20","32,143.16","2,064,876","77,699,301,650"
2010-01-15,"37,619","37,896","36,787","37,342","36,251.00","36,049.85","32,107.34","2,897,101","108,805,998,250"
2010-01-14,"35,955","37,526","35,770","37,342","36,241.60","35,841.85","32,081.15","4,158,175","153,880,990,550"
2010-01-13,"35,539","35,585","35,031","35,447","36,038.20","35,633.85","32,049.18","2,422,773","85,596,794,250"
2010-01-12,"35,585","36,094","35,216","35,539","36,657.40","35,522.90","32,040.33","3,452,035","123,142,066,300"
2010-01-11,"37,388","37,804","35,447","35,585","37,193.60","35,421.25","32,029.93","4,733,999","171,213,893,150"
2010-01-08,"36,602","37,295","35,216","37,295","37,748.20","35,284.95","32,019.53","4,394,464","160,030,349,100"
2010-01-07,"39,005","39,652","36,232","36,325","37,545.00","35,021.55","31,994.12","5,544,323","208,837,471,600"
2010-01-06,"38,728","38,728","37,619","38,543","37,397.00","34,825.15","31,965.62","2,441,655","93,347,371,650"
2010-01-05,"39,467","39,467","37,573","38,220","36,805.40","34,522.45","31,912.47","4,019,187","155,159,434,050"
2010-01-04,"36,463","38,358","36,417","38,358","36,371.00","34,228.95","31,859.70","3,828,330","144,301,771,400"
2009-12-30,"35,678","36,417","35,493","36,279","35,844.20","33,898.55","31,801.17","1,945,662","70,310,480,850"
2009-12-29,"35,585","36,186","35,216","35,585","35,631.60","33,655.90","31,755.33","1,073,991","38,240,645,850"
2009-12-28,"35,632","35,863","35,216","35,585","35,576.20","33,357.85","31,720.68","1,905,596","67,739,981,250"
2009-12-24,"35,816","36,232","35,724","36,048","35,354.40","33,008.95","31,689.87","2,040,263","73,494,483,550"
2009-12-23,"35,585","35,770","35,262","35,724","34,855.20","32,694.65","31,654.43","2,183,352","77,734,212,200"
2009-12-22,"35,585","35,678","34,707","35,216","34,356.00","32,394.25","31,620.93","2,184,094","76,747,443,400"
2009-12-21,"35,077","35,585","35,031","35,308","33,949.20","32,119.25","31,588.58","3,119,126","110,188,489,910"
2009-12-18,"33,413","34,661","33,413","34,476","33,524.00","31,832.70","31,553.14","3,694,403","126,512,192,420"
2009-12-17,"33,367","33,644","33,182","33,552","33,274.40","31,573.90","31,515.78","2,154,254","71,919,725,350"
2009-12-16,"33,275","33,737","33,090","33,228","33,265.20","31,352.05","31,481.51","1,902,529","63,551,179,450"
2009-12-15,"33,044","33,275","32,720","33,182","33,191.40","31,141.80","31,449.55","1,701,080","56,136,098,950"
2009-12-14,"33,136","33,228","32,212","33,182","32,960.40","30,933.85","31,421.43","2,749,240","90,095,938,800"
2009-12-11,"33,691","33,829","33,182","33,228","32,803.40","30,730.50","31,391.39","2,872,681","96,092,958,350"
2009-12-10,"33,044","33,598","32,905","33,506","32,655.60","30,490.20","31,363.28","4,495,932","149,976,239,200"
2009-12-09,"31,981","32,859","31,565","32,859","32,424.40","30,182.85","31,330.93","2,741,630","88,991,880,700"
2009-12-08,"32,674","33,044","31,934","32,027","32,202.60","29,926.35","31,297.43","2,449,525","78,986,295,600"
2009-12-07,"33,182","33,228","32,212","32,397","32,082.40","29,681.40","31,271.62","2,963,392","96,965,341,600"
2009-12-04,"32,350","33,182","32,212","32,489","31,527.80","29,408.70","31,236.57","3,429,454","112,033,841,750"
2009-12-03,"32,304","32,535","31,334","32,350","30,751.40","29,161.45","31,200.75","4,402,127","141,395,280,150"
2009-12-02,"31,981","32,628","31,750","31,750","30,233.80","28,914.20","31,169.94","5,832,947","187,938,766,700"
2009-12-01,"30,455","31,565","30,317","31,426","29,827.00","28,708.50","31,142.59","8,257,967","257,021,867,950"
2009-11-30,"29,254","29,947","29,161","29,624","29,485.00","28,489.00","31,116.40","3,424,570","101,721,884,050"
2009-11-27,"29,300","29,393","28,283","28,607","29,475.60","28,343.40","31,109.47","3,283,385","94,432,702,550"
2009-11-26,"29,716","30,317","29,716","29,762","29,614.20","28,246.35","31,114.08","3,574,391","107,440,115,250"
2009-11-25,"29,855","29,993","29,624","29,716","29,484.80","28,112.35","31,107.54","3,065,626","91,182,574,690"
2009-11-24,"29,762","29,947","29,393","29,716","29,346.20","27,978.35","31,098.30","3,699,036","109,947,865,450"
2009-11-23,"29,577","29,855","29,346","29,577","29,207.60","27,899.80","31,093.29","3,198,215","94,589,139,700"
2009-11-20,"28,884","29,762","28,746","29,300","29,115.20","27,865.15","31,082.90","3,375,306","99,359,212,340"
2009-11-19,"28,792","29,208","28,792","29,115","28,939.60","27,849.00","31,064.03","2,845,530","82,803,315,050"
2009-11-18,"28,930","29,346","28,468","29,023","28,588.40","27,869.80","31,045.55","2,724,760","78,682,418,850"
2009-11-17,"29,393","29,485","28,514","29,023","28,329.60","27,932.20","31,024.37","3,483,736","100,957,367,200"
2009-11-16,"28,468","29,393","28,191","29,115","27,950.60","28,001.50","31,003.57","4,142,648","119,354,463,350"
2009-11-13,"27,821","28,514","27,683","28,422","27,516.20","28,017.70","30,988.93","5,927,987","166,510,694,350"
2009-11-12,"27,729","27,729","27,359","27,359","27,340.60","28,068.55","30,974.68","1,969,426","54,175,086,450"
2009-11-11,"27,544","27,729","26,989","27,729","27,349.80","28,237.25","30,965.06","1,705,747","46,743,214,500"
2009-11-10,"27,267","27,405","26,897","27,128","27,331.20","28,385.15","30,949.65","2,466,872","67,018,216,200"
2009-11-09,"27,544","27,544","26,666","26,943","27,312.80","28,576.95","30,941.18","2,776,439","75,082,986,400"
2009-11-06,"27,775","27,821","27,267","27,544","27,266.60","28,768.75","30,935.40","2,439,093","67,038,130,300"
2009-11-05,"27,451","28,006","26,943","27,405","27,091.00","28,944.35","30,934.63","2,489,685","68,478,170,100"
2009-11-04,"27,267","27,683","26,758","27,636","27,026.40","29,108.45","30,938.48","1,977,388","53,923,918,960"
2009-11-03,"26,666","27,590","26,666","27,036","26,906.40","29,254.05","30,938.09","2,959,311","80,474,399,600"
2009-11-02,"25,973","27,128","25,973","26,712","27,128.20","29,388.05","30,935.39","2,269,585","60,428,050,350"
2009-10-30,"26,989","27,359","26,666","26,666","27,562.60","29,547.50","30,939.24","2,781,678","75,129,129,550"
2009-10-29,"26,250","27,544","26,157","27,082","28,024.80","29,767.00","30,945.40","4,686,371","126,156,398,650"
2009-10-28,"27,960","28,098","27,036","27,036","28,514.60","29,979.60","30,957.73","3,640,103","99,532,418,800"
2009-10-27,"28,699","28,746","27,960","28,145","29,161.60","30,196.80","30,972.74","3,685,821","103,844,527,700"
2009-10-26,"28,607","28,884","28,376","28,884","29,614.40","30,326.20","30,984.29","3,076,259","87,956,749,450"
2009-10-23,"29,577","29,670","28,884","28,977","29,725.40","30,462.55","30,985.45","2,956,882","86,085,551,000"
2009-10-22,"29,670","29,716","29,254","29,531","29,817.80","30,612.75","30,982.75","2,953,589","86,949,652,050"
2009-10-21,"30,224","30,409","29,901","30,271","30,058.20","30,735.25","30,978.52","2,427,966","73,163,590,650"
2009-10-20,"30,733","31,056","30,132","30,409","30,141.40","30,797.60","30,968.50","6,639,640","202,719,894,600"
2009-10-19,"29,023","29,439","28,376","29,439","30,252.40","30,873.85","30,956.18","3,740,626","108,331,847,500"
2009-10-16,"29,577","29,762","28,930","29,439","30,520.40","31,010.15","30,953.48","5,674,376","167,098,519,650"
2009-10-15,"31,241","31,241","30,363","30,733","30,843.80","31,158.05","30,946.93","2,930,678","90,302,281,300"
2009-10-14,"30,779","30,918","30,086","30,687","30,834.60","31,222.75","30,940.38","3,493,955","106,426,226,600"
2009-10-13,"31,056","31,472","30,733","30,964","30,806.80","31,305.90","30,941.91","2,695,362","83,872,290,900"
2009-10-12,"31,426","31,518","30,687","30,779","30,557.20","31,363.65","30,946.53","1,579,271","49,070,966,150"
2009-10-09,"30,964","31,195","30,548","31,056","30,381.60","31,488.45","30,948.07","2,556,805","79,188,025,700"
2009-10-08,"30,640","30,779","29,901","30,687","30,381.60","31,634.05","30,936.52","2,176,153","66,322,452,450"
2009-10-07,"29,947","31,056","29,947","30,548","30,511.00","31,791.15","30,925.73","4,279,855","130,912,139,350"
2009-10-06,"30,271","30,502","29,115","29,716","30,677.40","32,003.75","30,913.41","3,380,126","100,479,739,650"
2009-10-05,"30,271","30,317","29,439","29,901","30,880.80","32,292.60","30,905.71","4,739,569","141,210,695,150"
2009-10-01,"31,380","31,611","30,594","31,056","31,222.80","32,590.70","30,897.23","2,425,119","75,254,378,500"
2009-09-30,"31,380","32,258","31,241","31,334","31,407.80","32,828.70","30,884.14","4,003,826","127,047,929,700"
2009-09-29,"31,102","31,703","30,779","31,380","31,537.20","33,075.95","30,868.35","2,948,770","92,385,606,950"
2009-09-28,"31,102","31,241","30,548","30,733","31,564.80","33,219.20","30,854.10","4,486,844","137,877,941,870"
2009-09-25,"31,750","31,750","31,056","31,611","31,805.00","33,387.90","30,839.08","3,695,096","116,050,678,150"
2009-09-24,"32,027","32,766","31,657","31,981","31,915.80","33,512.70","30,810.58","5,769,819","185,862,198,900"
2009-09-23,"31,796","32,073","31,426","31,981","31,999.00","33,614.35","30,787.85","5,042,402","160,426,269,250"
2009-09-22,"31,842","31,934","31,195","31,518","32,008.20","33,750.65","30,761.66","7,157,011","225,444,961,550"
2009-09-21,"32,165","32,350","31,703","31,934","32,174.60","33,850.05","30,732.39","3,779,904","120,741,692,350"
2009-09-18,"32,350","32,674","32,073","32,165","32,211.60","33,887.05","30,698.89","4,961,498","159,990,380,400"
2009-09-17,"32,258","32,628","31,611","32,397","32,433.60","33,935.60","30,652.29","5,756,671","184,898,851,450"
2009-09-16,"32,489","32,766","31,981","32,027","32,747.80","34,007.20","30,598.37","6,443,154","208,253,063,600"
2009-09-15,"32,581","32,905","32,119","32,350","33,108.20","34,090.40","30,542.13","3,416,407","110,867,855,850"
2009-09-14,"32,951","33,044","31,842","32,119","33,598.20","34,166.65","30,492.46","6,321,322","203,805,691,550"
2009-09-11,"34,060","34,522","33,136","33,275","34,273.00","34,261.40","30,446.63","5,529,205","185,007,159,650"
2009-09-10,"33,875","34,661","33,506","33,968","34,790.60","34,316.85","30,386.55","4,671,857","158,847,521,950"
2009-09-09,"34,800","34,846","33,644","33,829","35,160.20","34,282.20","30,315.68","5,409,404","183,926,026,700"
2009-09-08,"35,262","35,770","34,569","34,800","35,650.20","34,196.70","30,241.74","6,240,907","217,758,342,900"
2009-09-07,"36,048","36,417","35,447","35,493","35,539.20","34,046.50","30,155.47","3,812,505","136,156,997,350"
2009-09-04,"36,048","36,695","35,169","35,863","35,262.00","33,833.90","30,062.27","5,342,343","191,860,370,550"
2009-09-03,"36,972","37,850","35,770","35,816","34,910.80","33,625.90","29,974.46","8,104,412","296,776,180,050"
2009-09-02,"33,459","36,972","33,090","36,279","34,550.40","33,436.45","29,886.27","11,749,388","414,465,472,960"
2009-09-01,"33,783","34,476","33,275","34,245","34,236.00","33,196.10","29,789.98","4,208,248","142,508,779,850"
2009-08-31,"34,199","34,800","33,367","34,107","34,088.20","33,110.60","29,707.95","2,738,681","93,339,654,800"
2009-08-28,"34,661","34,661","33,737","34,107","33,801.60","33,069.00","29,623.22","2,606,947","88,995,479,700"
2009-08-27,"34,754","35,724","33,644","34,014","33,607.40","33,001.95","29,552.35","5,244,182","181,220,673,400"
2009-08-26,"33,922","35,031","33,737","34,707","33,570.40","32,941.85","29,478.79","6,187,478","214,305,115,200"
2009-08-25,"32,304","33,922","32,073","33,506","33,367.20","32,861.00","29,403.69","5,714,030","189,072,785,650"
2009-08-24,"33,413","33,598","32,258","32,674","33,441.00","32,872.55","29,333.21","6,598,623","215,100,070,500"
2009-08-21,"33,875","33,922","32,812","33,136","33,709.00","32,948.80","29,266.58","3,225,860","107,285,265,250"
2009-08-20,"33,783","34,014","33,044","33,829","33,958.60","32,967.30","29,199.18","2,751,934","92,292,478,550"
2009-08-19,"34,569","34,569","33,321","33,691","33,847.80","32,995.05","29,114.84","3,128,616","106,763,233,950"
2009-08-18,"33,829","34,199","33,275","33,875","33,533.40","33,025.05","29,023.95","2,787,499","94,289,540,400"
2009-08-17,"34,384","35,077","33,644","34,014","33,117.60","33,048.20","28,938.07","4,612,349","158,837,997,050"
2009-08-14,"34,107","34,707","33,783","34,384","32,563.00","33,059.75","28,843.71","6,883,391","235,897,619,350"
2009-08-13,"32,628","33,598","32,443","33,275","32,026.80","32,985.80","28,763.22","6,829,275","227,067,385,100"
2009-08-12,"32,258","32,766","32,073","32,119","31,777.20","32,930.30","28,690.43","5,160,760","167,004,383,600"
2009-08-11,"30,918","32,212","30,825","31,796","31,647.80","32,918.75","28,629.19","5,328,418","168,370,973,450"
2009-08-10,"31,657","31,703","30,964","31,241","31,795.60","32,895.65","28,560.63","4,149,702","129,385,586,150"
2009-08-07,"31,750","31,934","31,334","31,703","32,202.40","32,872.55","28,504.41","3,009,151","95,034,697,000"
2009-08-06,"31,241","32,027","30,964","32,027","32,415.00","32,858.70","28,440.87","4,914,802","154,716,896,500"
2009-08-05,"32,350","32,674","31,334","31,472","32,572.00","32,851.75","28,373.47","7,315,855","232,309,743,850"
2009-08-04,"33,829","33,922","32,350","32,535","32,895.60","32,867.95","28,318.78","4,928,478","162,117,536,550"
2009-08-03,"33,136","33,691","32,859","33,275","33,136.00","32,826.35","28,259.48","3,250,830","108,387,152,700"
2009-07-31,"33,182","33,182","32,397","32,766","33,320.80","32,729.30","28,191.30","4,859,249","159,350,219,550"
2009-07-30,"32,997","33,090","32,027","32,812","33,468.80","32,643.80","28,133.15","4,866,594","157,744,443,850"
2009-07-29,"33,367","33,459","32,720","33,090","33,783.20","32,502.85","28,072.69","4,534,335","149,842,495,400"
2009-07-28,"34,291","34,291","33,321","33,737","34,023.40","32,320.30","28,012.99","2,855,271","96,245,931,450"
2009-07-27,"33,644","34,615","32,997","34,199","34,143.60","32,103.10","27,952.53","4,337,241","147,415,462,100"
2009-07-24,"34,476","35,031","33,044","33,506","34,152.80","31,883.55","27,883.20","4,220,637","141,849,756,200"
2009-07-23,"34,107","34,800","33,182","34,384","34,032.60","31,687.10","27,823.89","3,249,841","110,771,558,100"
2009-07-22,"34,569","34,707","34,014","34,291","33,588.80","31,460.65","27,748.02","2,481,220","85,185,477,800"
2009-07-21,"34,661","35,077","33,783","34,338","33,108.20","31,227.30","27,672.53","4,023,585","138,316,593,950"
2009-07-20,"33,413","34,846","33,182","34,245","32,507.40","30,952.30","27,592.81","5,230,483","179,135,439,750"
2009-07-17,"32,812","33,182","32,628","32,905","31,814.20","30,686.55","27,513.86","3,623,854","119,132,057,650"
2009-07-16,"32,443","32,766","31,796","32,165","31,518.40","30,450.85","27,445.69","2,681,811","86,559,750,900"
2009-07-15,"31,750","32,489","31,472","31,888","31,463.00","30,252.15","27,366.74","3,353,229","107,298,379,300"
2009-07-14,"30,871","31,611","30,086","31,334","31,444.60","30,090.40","27,291.64","4,291,834","132,634,737,150"
2009-07-13,"31,426","32,258","30,687","30,779","31,518.40","29,947.10","27,221.93","3,485,245","109,579,543,400"
2009-07-10,"31,888","32,119","31,102","31,426","31,629.40","29,822.30","27,159.54","2,022,351","63,562,110,000"
2009-07-09,"31,981","32,304","31,472","31,888","31,555.40","29,690.60","27,097.93","3,349,515","107,051,047,900"
2009-07-08,"31,518","32,073","31,334","31,796","31,176.40","29,554.25","27,017.82","3,278,081","104,125,704,050"
2009-07-07,"31,842","32,119","31,102","31,703","30,705.00","29,413.30","26,928.47","4,058,323","128,749,567,600"
2009-07-06,"31,241","31,842","31,102","31,334","30,243.00","29,258.50","26,859.15","4,188,769","132,010,866,450"
2009-07-03,"29,577","31,195","29,485","31,056","29,937.80","29,147.55","26,785.20","6,688,629","205,878,231,300"
2009-07-02,"29,762","30,178","29,300","29,993","29,642.00","29,011.25","26,707.79","3,704,054","110,568,807,300"
2009-07-01,"28,977","29,485","28,653","29,439","29,614.40","28,863.40","26,640.78","2,568,866","74,952,334,800"
2009-06-30,"30,178","30,455","29,069","29,393","29,651.40","28,736.30","26,584.17","4,135,961","121,747,805,400"
2009-06-29,"29,993","30,455","29,808","29,808","29,540.40","28,590.70","26,536.41","3,118,201","94,225,574,500"
2009-06-26,"29,901","30,317","29,346","29,577","29,364.80","28,426.65","26,482.49","3,329,054","99,158,457,500"
2009-06-25,"29,624","29,901","29,069","29,855","29,087.60","28,315.75","26,423.96","4,386,624","129,881,925,650"
2009-06-24,"29,254","29,993","29,208","29,624","28,754.80","28,158.60","26,355.40","6,308,480","187,060,847,100"
2009-06-23,"28,607","29,300","28,376","28,838","28,560.60","27,987.60","26,270.28","5,201,450","150,538,050,050"
2009-06-22,"28,145","29,300","28,006","28,930","28,486.60","27,839.70","26,191.72","3,438,561","99,571,247,450"
2009-06-19,"28,468","28,561","27,914","28,191","28,357.20","27,698.75","26,117.78","1,538,265","43,372,912,000"
2009-06-18,"28,792","29,023","28,145","28,191","28,477.40","27,601.70","26,049.99","2,603,476","74,488,634,950"
2009-06-17,"28,376","29,254","27,914","28,653","28,671.40","27,564.70","25,990.30","4,512,690","129,501,574,950"
2009-06-16,"27,775","28,561","27,498","28,468","28,736.20","27,525.40","25,933.68","3,449,208","97,383,948,100"
2009-06-15,"28,838","28,884","27,914","28,283","28,764.00","27,481.50","25,877.46","3,086,445","87,036,262,300"
2009-06-12,"29,393","29,485","28,376","28,792","28,930.40","27,402.95","25,822.39","3,452,031","99,218,038,300"
2009-06-11,"28,977","29,346","28,653","29,161","28,838.00","27,322.05","25,767.32","3,118,960","90,617,733,000"
2009-06-10,"29,023","29,393","27,821","28,977","28,413.00","27,234.25","25,712.25","7,211,873","208,224,592,350"
2009-06-09,"29,577","29,624","28,561","28,607","27,997.00","27,213.45","25,662.57","3,995,686","115,816,212,700"
2009-06-08,"29,115","29,624","28,977","29,115","27,571.80","27,225.00","25,602.10","8,792,396","257,201,069,800"
2009-06-05,"27,729","28,422","27,590","28,330","27,054.20","27,245.80","25,547.80","7,831,698","219,715,562,250"
2009-06-04,"27,128","28,098","27,036","27,036","26,860.00","27,280.45","25,492.73","8,695,884","239,941,427,850"
2009-06-03,"26,666","27,220","26,389","26,897","26,795.20","27,361.30","25,447.66","3,466,281","93,084,482,650"
2009-06-02,"27,082","27,128","26,342","26,481","26,656.60","27,467.60","25,402.21","4,618,863","123,746,262,050"
2009-06-01,"26,989","27,036","26,296","26,527","26,536.40","27,597.00","25,346.37","4,159,375","110,495,757,900"
2009-05-29,"26,897","27,359","25,973","27,359","26,453.20","27,717.15","25,284.36","5,592,999","149,805,338,500"
2009-05-28,"26,250","26,989","26,111","26,712","26,231.40","27,804.95","25,217.73","3,660,295","97,483,688,900"
2009-05-27,"26,435","27,082","25,742","26,204","26,379.20","27,902.00","25,155.73","5,635,412","149,743,324,200"
2009-05-26,"26,204","26,989","25,695","25,880","26,711.80","28,089.15","25,104.50","4,374,764","115,573,566,950"
2009-05-25,"25,926","26,481","25,002","26,111","27,053.80","28,338.70","25,048.28","6,008,632","155,170,475,150"
2009-05-22,"26,989","27,313","26,250","26,250","27,174.00","28,609.05","24,986.28","4,858,553","129,835,286,400"
2009-05-21,"28,052","28,283","27,036","27,451","27,358.80","28,844.75","24,913.87","4,092,233","112,710,800,200"
2009-05-20,"27,590","27,867","27,313","27,867","27,349.60","28,955.70","24,827.60","3,779,597","104,398,795,450"
2009-05-19,"27,267","27,683","26,989","27,590","27,488.40","29,032.00","24,732.48","4,409,578","120,772,392,000"
2009-05-18,"27,220","27,498","26,296","26,712","27,738.00","29,105.95","24,655.83","4,786,249","127,737,297,250"
2009-05-15,"27,775","27,960","27,174","27,174","28,301.80","29,209.95","24,571.88","4,108,560","113,063,895,100"
2009-05-14,"28,006","28,145","27,405","27,405","28,671.60","29,295.45","24,496.01","5,475,119","151,629,900,550"
2009-05-13,"28,746","28,930","27,914","28,561","28,921.20","29,399.45","24,420.53","5,305,270","150,425,008,310"
2009-05-12,"29,808","30,132","28,792","28,838","29,013.60","29,443.35","24,339.64","5,067,893","149,367,638,050"
2009-05-11,"29,300","29,762","29,161","29,531","29,059.80","29,484.95","24,261.46","4,693,615","138,729,301,350"
2009-05-08,"28,330","29,254","28,191","29,023","28,939.60","29,454.90","24,170.18","4,073,954","117,480,505,450"
2009-05-07,"29,346","29,393","28,283","28,653","28,958.00","29,413.30","24,102.40","5,467,139","156,711,569,100"
2009-05-06,"29,300","29,393","28,514","29,023","28,958.00","29,443.35","24,036.54","6,024,823","174,027,718,852"
2009-05-04,"29,069","29,208","28,468","29,069","29,142.80","29,434.10","23,979.54","6,583,070","189,428,641,150"
2009-04-30,"29,346","29,762","28,191","28,930","29,503.20","29,380.95","23,921.78","8,128,348","234,963,696,000"
2009-04-29,"28,653","29,254","28,561","29,115","30,020.80","29,330.15","23,845.13","2,654,100","76,853,706,850"
2009-04-28,"29,670","30,086","28,098","28,653","30,390.60","29,203.05","23,786.98","4,572,046","132,422,289,100"
2009-04-27,"30,871","30,918","29,439","29,947","30,594.00","29,066.70","23,729.22","4,618,888","138,423,216,850"
2009-04-24,"31,518","31,657","30,040","30,871","30,483.20","28,833.30","23,652.96","3,538,624","109,292,238,450"
2009-04-23,"31,518","31,981","31,102","31,518","30,122.80","28,609.20","23,580.56","3,540,573","111,566,868,700"
2009-04-22,"30,317","31,334","30,132","30,964","29,577.60","28,364.30","23,494.29","6,117,545","188,868,067,400"
2009-04-21,"28,792","29,762","28,653","29,670","29,161.60","28,119.35","23,389.92","3,210,947","93,777,820,100"
2009-04-20,"29,855","29,993","29,023","29,393","29,124.60","27,909.05","23,293.25","4,596,940","135,675,625,900"
2009-04-17,"29,393","30,363","28,884","29,069","29,133.80","27,687.20","23,179.25","6,748,335","200,078,361,400"
2009-04-16,"29,208","29,531","28,330","28,792","29,254.00","27,456.10","23,065.25","5,599,953","162,157,920,100"
2009-04-15,"28,930","29,208","27,960","28,884","29,281.60","27,231.95","22,975.90","4,760,242","136,130,006,450"
2009-04-14,"29,808","30,132","29,300","29,485","29,143.00","27,054.05","22,901.18","3,585,118","106,390,656,600"
2009-04-13,"30,132","30,132","29,161","29,439","29,096.80","26,841.45","22,841.10","4,065,101","120,284,660,250"
2009-04-10,"29,393","30,178","29,208","29,670","28,976.60","26,605.75","22,786.41","5,069,870","150,481,480,850"
2009-04-09,"28,561","29,346","28,006","28,930","28,643.80","26,342.30","22,724.40","4,954,727","142,028,610,930"
2009-04-08,"28,653","29,069","27,821","28,191","28,440.60","26,092.75","22,667.79","4,288,491","121,985,913,300"
2009-04-07,"29,023","29,716","28,376","29,254","28,117.00","25,963.35","22,645.84","4,917,469","144,047,484,750"
2009-04-06,"28,838","29,716","28,607","28,838","27,451.40","25,760.00","22,621.58","6,005,432","175,347,599,350"
2009-04-03,"28,514","28,746","27,729","28,006","26,739.60","25,602.85","22,582.29","4,912,670","138,227,205,000"
2009-04-02,"27,082","27,914","26,989","27,914","26,416.20","25,454.95","22,541.47","6,232,795","171,790,345,700"
2009-04-01,"26,157","26,666","25,834","26,573","26,157.40","25,293.20","22,504.49","3,730,262","98,221,329,750"
2009-03-31,"25,649","26,620","25,510","25,926","26,055.80","25,216.95","22,474.07","5,381,077","140,658,670,900"
2009-03-30,"26,527","26,758","25,187","25,279","25,963.40","25,106.05","22,470.60","3,614,912","93,287,684,800"
2009-03-27,"27,036","27,359","26,065","26,389","25,898.80","24,981.30","22,470.60","4,624,421","123,694,221,550"
2009-03-26,"26,157","27,036","26,065","26,620","25,510.40","24,840.30","22,478.30","6,167,792","164,548,828,550"
2009-03-25,"25,418","26,389","25,326","26,065","25,048.20","24,643.85","22,487.16","6,118,195","159,236,686,050"
2009-03-24,"25,557","25,649","25,048","25,464","24,900.40","24,576.85","22,498.71","4,908,898","124,217,767,750"
2009-03-23,"24,494","24,956","24,309","24,956","24,854.20","24,530.65","22,516.43","5,239,977","129,528,103,300"
2009-03-20,"24,401","24,679","24,078","24,447","24,808.00","24,521.40","22,538.76","3,951,381","96,121,531,800"
2009-03-19,"25,557","25,603","24,309","24,309","24,798.80","24,477.50","22,570.73","5,560,811","137,677,463,400"
2009-03-18,"25,695","25,834","25,094","25,326","24,724.80","24,486.75","22,598.45","3,768,731","95,701,244,050"
2009-03-17,"25,002","25,233","24,309","25,233","24,780.20","24,424.35","22,618.48","6,588,793","163,027,543,900"
2009-03-16,"24,679","25,510","24,494","24,725","24,771.00","24,359.65","22,633.88","7,250,864","181,123,097,600"
2009-03-13,"24,447","25,094","24,124","24,401","24,965.00","24,368.90","22,654.68","13,031,459","319,814,649,050"
2009-03-12,"24,032","24,632","23,893","23,939","25,094.40","24,419.75","22,662.38","70,413,040","1,671,311,211,600"
2009-03-11,"25,788","25,973","25,187","25,603","25,242.40","24,477.50","22,673.17","3,244,653","82,798,835,400"
2009-03-10,"25,233","25,788","24,817","25,187","25,131.40","24,486.75","22,660.08","2,934,126","73,992,109,750"
2009-03-09,"25,880","26,111","25,326","25,695","24,835.60","24,505.25","22,672.02","1,945,613","50,050,204,450"
2009-03-06,"24,447","25,557","24,355","25,048","24,253.40","24,516.80","22,674.72","2,295,946","57,762,160,750"
2009-03-05,"25,510","25,603","24,679","24,679","23,957.60","24,588.45","22,684.73","2,357,653","59,356,709,800"
2009-03-04,"24,032","25,279","23,569","25,048","23,560.00","24,648.50","22,687.43","2,950,906","72,755,892,850"
2009-03-03,"22,368","24,124","22,275","23,708","23,495.40","24,715.55","22,689.74","2,815,570","65,780,707,800"
2009-03-02,"23,708","23,754","22,322","22,784","23,661.80","24,794.10","22,688.58","2,271,543","51,991,798,150"
2009-02-27,"23,153","24,032","23,153","23,569","24,059.20","24,916.55","22,696.67","3,027,526","71,547,299,250"
2009-02-26,"25,187","25,326","22,414","22,691","24,059.20","24,976.65","22,694.36","6,053,978","142,423,912,700"
2009-02-25,"25,557","25,649","24,540","24,725","24,419.80","25,080.65","22,693.98","2,092,979","52,320,692,350"
2009-02-24,"24,032","25,464","23,939","24,540","24,290.40","25,080.65","22,682.42","3,699,952","92,038,399,150"
2009-02-23,"23,985","25,048","23,708","24,771","24,170.20","24,988.20","22,686.27","2,829,401","69,428,894,700"
2009-02-20,"24,078","24,494","23,523","23,569","24,198.00","24,893.45","22,688.96","2,340,799","55,865,086,100"
2009-02-19,"24,124","25,141","23,569","24,494","24,567.80","24,863.45","22,703.60","2,900,986","71,472,371,800"
2009-02-18,"23,477","24,817","23,153","24,078","24,687.80","24,803.35","22,716.31","3,150,082","76,163,434,350"
2009-02-17,"24,956","24,956","23,569","23,939","25,029.80","24,801.05","22,732.87","2,198,519","53,329,040,900"
2009-02-16,"25,048","25,557","24,863","24,910","25,353.40","24,717.85","22,748.28","1,364,847","34,295,513,850"
2009-02-13,"25,048","25,418","24,355","25,418","25,556.60","24,526.05","22,760.21","2,827,853","70,367,285,600"
2009-02-12,"25,603","25,788","24,771","25,094","25,769.20","24,424.40","22,776.38","2,186,611","54,978,867,230"
2009-02-11,"24,725","25,973","24,679","25,788","25,926.40","24,292.70","22,797.96","2,769,526","70,465,499,600"
2009-02-10,"26,250","26,250","25,048","25,557","26,046.60","24,091.65","22,815.28","2,591,366","65,907,286,350"
2009-02-09,"26,989","27,451","25,418","25,926","25,991.00","23,911.40","22,833.00","4,632,554","120,592,082,100"
2009-02-06,"26,804","27,359","25,510","26,481","25,852.40","23,747.35","22,848.03","3,794,007","100,991,039,800"
2009-02-05,"26,620","27,267","25,880","25,880","25,510.40","23,606.40","22,861.89","2,287,080","60,833,359,000"
2009-02-04,"26,065","26,989","25,834","26,389","25,288.60","23,479.30","22,877.30","3,932,521","104,287,884,850"
2009-02-03,"25,233","25,603","24,494","25,279","24,955.80","23,287.50","22,879.99","1,991,228","50,024,611,600"
2009-02-02,"24,586","26,065","24,309","25,233","24,438.20","23,104.95","22,890.39","3,419,518","86,566,832,700"
2009-01-30,"24,540","25,141","24,170","24,771","23,966.80","22,813.80","22,905.03","1,859,593","45,736,696,000"
2009-01-29,"24,863","25,603","24,309","24,771","23,606.40","22,545.75","22,916.97","2,714,553","67,795,480,350"
2009-01-28,"23,616","24,863","23,477","24,725","23,310.60","22,310.05","22,937.77","3,228,739","78,624,738,000"
2009-01-23,"22,460","23,015","21,813","22,691","23,172.00","22,076.65","22,965.88","2,835,042","63,475,184,950"
2009-01-22,"23,708","23,847","22,830","22,876","23,088.80","21,993.50","23,007.86","2,151,220","50,145,697,550"
2009-01-21,"22,599","23,662","22,275","22,969","22,728.40","21,942.65","23,045.22","2,216,151","50,827,537,650"
2009-01-20,"23,569","24,216","22,922","23,292","22,811.60","21,880.25","23,079.49","3,245,703","76,499,834,050"
2009-01-19,"23,477","24,355","23,107","24,032","22,645.20","21,799.40","23,117.62","4,546,059","109,129,941,900"
2009-01-16,"21,628","22,506","21,443","22,275","22,192.20","21,706.95","23,156.13","2,434,924","53,894,707,350"
2009-01-15,"22,275","22,784","21,074","21,074","22,127.60","21,720.85","23,217.75","2,883,223","63,214,067,650"
2009-01-14,"22,460","23,800","21,952","23,385","22,441.80","21,817.90","23,286.68","2,253,880","52,151,719,250"
2009-01-13,"22,275","22,645","21,906","22,460","22,497.20","21,716.20","23,332.13","2,541,175","56,888,792,400"
2009-01-12,"22,969","23,200","21,767","21,767","22,672.80","21,723.15","23,386.82","2,590,814","58,064,542,050"
2009-01-09,"23,107","23,431","21,952","21,952","22,830.00","21,720.85","23,440.35","2,141,927","48,728,252,150"
2009-01-08,"22,922","23,292","22,414","22,645","22,765.20","21,704.65","23,497.73","2,207,171","50,208,760,150"
2009-01-07,"23,338","23,939","22,738","23,662","22,118.20","21,644.55","23,546.26","3,125,334","72,932,566,150"
2009-01-06,"22,599","23,800","22,553","23,338","21,267.80","21,450.45","23,587.85","3,302,248","77,052,491,800"
2009-01-05,"22,183","23,107","21,952","22,553","20,611.60","21,237.85","23,644.47","3,213,962","72,888,130,100"
2009-01-02,"20,103","22,183","19,641","21,628","20,112.40","21,078.40","23,710.71","2,613,808","55,549,298,050"
2008-12-30,"19,872","20,704","19,410","19,410","19,992.40","20,960.55","23,783.88","1,538,525","31,073,423,450"
2008-12-29,"19,687","19,918","18,948","19,410","20,482.20","20,992.90","23,886.72","1,030,151","19,980,546,950"
2008-12-26,"20,196","20,196","19,086","20,057","20,944.40","20,979.05","24,007.26","1,601,586","31,339,835,600"
2008-12-24,"20,796","20,935","19,733","20,057","21,268.00","20,909.75","24,128.96","1,394,922","27,992,924,450"
2008-12-23,"21,259","21,813","20,196","21,028","21,693.20","20,784.95","24,248.35","1,853,248","38,561,218,050"
2008-12-22,"22,044","22,738","21,582","21,859","21,998.20","20,588.50","24,362.73","1,560,814","34,647,967,100"
2008-12-19,"21,675","22,275","21,490","21,721","22,229.40","20,318.15","24,471.34","1,687,249","36,982,744,950"
2008-12-18,"22,506","22,738","20,889","21,675","22,155.40","20,151.75","24,588.80","2,050,332","44,597,030,900"
2008-12-17,"23,292","23,338","21,906","22,183","22,340.20","19,899.85","24,710.11","1,868,643","41,970,779,150"
2008-12-16,"22,599","22,830","21,998","22,553","22,247.80","19,694.20","24,829.50","2,274,445","51,070,501,600"
2008-12-15,"22,044","23,015","21,906","23,015","22,062.80","19,483.90","24,952.35","2,351,169","53,125,087,900"
2008-12-12,"21,906","22,784","21,259","21,351","21,748.40","19,275.90","25,071.35","3,138,474","69,030,281,800"
2008-12-11,"21,721","22,830","21,305","22,599","21,434.20","19,181.15","25,199.60","6,643,578","149,173,322,150"
2008-12-10,"21,397","22,137","19,687","21,721","20,731.60","18,980.10","25,317.45","8,652,063","182,698,375,300"
2008-12-09,"21,767","21,813","20,889","21,628","20,260.20","18,938.50","25,439.53","1,971,983","42,119,748,900"
2008-12-08,"19,641","21,767","19,225","21,443","19,788.80","18,894.60","25,567.40","4,184,712","86,647,278,550"
2008-12-05,"19,687","20,149","19,225","19,780","19,511.60","18,931.60","25,705.28","2,245,604","44,276,350,050"
2008-12-04,"19,872","20,334","19,086","19,086","19,382.20","19,049.45","25,854.71","1,929,216","38,028,628,750"
2008-12-03,"19,918","20,057","18,902","19,364","19,299.20","19,081.80","26,016.85","2,330,116","45,447,568,900"
2008-12-02,"18,994","20,843","18,763","19,271","18,938.60","19,220.45","26,176.68","3,926,448","78,019,428,800"
2008-12-01,"19,826","20,935","19,410","20,057","18,504.20","19,342.95","26,336.51","4,194,226","85,196,542,950"
2008-11-28,"18,763","19,410","18,671","19,133","17,783.20","19,379.90","26,499.42","1,887,992","36,112,981,600"
2008-11-27,"18,208","18,717","17,931","18,671","17,635.20","19,532.40","26,663.87","2,259,679","41,519,380,250"
2008-11-26,"16,961","17,561","15,944","17,561","17,228.40","19,657.15","26,837.17","3,884,962","65,742,761,900"
2008-11-25,"17,700","17,931","16,729","17,099","17,330.20","19,701.05","27,022.42","2,884,284","50,120,005,100"
2008-11-24,"18,393","18,717","16,452","16,452","17,579.80","19,749.60","27,213.44","3,086,689","53,623,365,550"
2008-11-21,"16,545","18,763","16,360","18,393","18,060.40","19,712.65","27,409.09","3,032,801","53,186,742,100"
2008-11-20,"17,099","17,746","16,637","16,637","18,273.00","19,562.45","27,604.74","3,143,857","53,788,776,450"
2008-11-19,"18,671","18,717","17,654","18,070","18,661.20","19,634.10","27,816.57","2,789,764","50,697,792,800"
2008-11-18,"18,532","19,318","18,208","18,347","19,225.00","19,726.50","28,001.04","2,282,323","42,893,710,150"
2008-11-17,"19,549","19,641","18,671","18,855","19,705.60","19,922.90","28,184.75","2,172,073","41,547,910,550"
2008-11-14,"19,225","19,641","18,948","19,456","20,371.20","20,123.95","28,368.08","3,407,667","65,781,079,800"
2008-11-13,"17,792","18,578","17,792","18,578","20,907.40","20,262.60","28,544.08","6,100,537","110,863,949,000"
2008-11-12,"20,057","21,397","19,872","20,889","21,138.40","20,440.55","28,728.18","2,472,822","51,360,597,100"
2008-11-11,"21,351","21,628","20,565","20,750","21,388.00","20,673.95","28,901.87","3,931,151","82,887,661,150"
2008-11-10,"22,137","22,553","21,259","22,183","21,582.20","20,953.55","29,078.26","5,033,981","110,405,567,800"
2008-11-07,"18,855","22,137","18,855","22,137","21,304.80","21,050.60","29,247.72","4,837,357","99,300,305,200"
2008-11-06,"21,074","22,090","19,133","19,733","21,314.00","21,099.10","29,413.32","3,662,946","76,158,216,250"
2008-11-05,"22,322","23,061","21,906","22,137","21,600.60","21,286.30","29,606.27","4,573,426","102,897,127,700"
2008-11-04,"20,704","21,906","19,826","21,721","20,861.00","21,325.55","29,811.54","3,838,828","80,912,322,000"
2008-11-03,"22,645","23,246","20,796","20,796","20,130.80","21,515.00","30,014.12","7,186,091","155,712,342,850"
2008-10-31,"21,259","24,263","21,166","22,183","19,114.20","21,739.15","30,225.56","6,971,483","155,806,111,500"
2008-10-30,"20,427","21,166","19,641","21,166","17,755.40","21,995.65","30,410.03","3,678,643","76,282,570,250"
2008-10-29,"19,595","20,519","17,099","18,439","17,136.20","22,321.50","30,608.76","7,434,010","143,914,842,450"
2008-10-28,"14,881","18,070","14,881","18,070","17,432.00","22,772.10","30,828.67","7,281,994","124,992,605,550"
2008-10-27,"15,204","16,175","13,310","15,713","18,273.00","23,248.10","31,038.18","8,325,626","123,853,739,450"
2008-10-24,"17,792","18,070","15,389","15,389","19,705.60","23,844.25","31,246.14","5,826,763","94,607,138,900"
2008-10-23,"19,133","19,133","17,792","18,070","21,073.60","24,488.95","31,457.58","5,458,751","100,102,588,200"
2008-10-22,"21,952","22,275","18,948","19,918","21,887.00","24,967.25","31,637.05","6,290,894","128,167,596,450"
2008-10-21,"23,338","23,616","21,859","22,275","23,014.80","25,357.80","31,801.89","2,377,614","54,322,738,500"
2008-10-20,"22,645","23,015","21,906","22,876","23,828.20","25,598.15","31,951.71","3,519,614","79,628,996,100"
2008-10-17,"23,338","23,569","21,675","22,229","24,077.80","25,815.35","32,091.90","4,743,699","107,323,823,250"
2008-10-16,"23,754","24,632","22,137","22,137","24,253.40","25,970.20","32,244.03","5,066,446","118,582,992,400"
2008-10-15,"26,019","26,019","24,956","25,557","24,521.40","26,125.00","32,408.48","3,309,942","84,208,862,550"
2008-10-14,"25,326","26,342","25,233","26,342","23,994.40","26,048.75","32,543.65","3,967,179","102,106,792,950"
2008-10-13,"23,569","24,632","23,523","24,124","23,828.00","26,062.65","32,660.35","2,932,110","70,730,006,950"
2008-10-10,"22,645","23,107","20,935","23,107","24,059.00","26,157.40","32,790.91","4,959,638","109,663,300,600"
2008-10-09,"22,969","24,679","22,969","23,477","24,900.20","26,314.55","32,925.32","4,283,389","102,261,690,800"
2008-10-08,"24,447","25,094","22,645","22,922","25,741.40","26,390.80","33,047.78","3,983,096","94,836,872,200"
2008-10-07,"24,956","25,788","24,170","25,510","26,647.20","26,511.00","33,189.13","3,275,605","82,027,938,200"
2008-10-06,"26,712","26,804","24,910","25,279","27,063.20","26,413.95","33,314.68","3,719,169","95,812,688,100"
2008-10-02,"28,052","28,468","26,989","27,313","27,534.60","26,337.70","33,459.88","2,457,989","67,796,147,550"
2008-10-01,"28,006","28,098","27,544","27,683","27,728.60","26,136.65","33,593.53","1,641,959","45,672,520,200"
2008-09-30,"26,065","28,052","25,973","27,451","27,719.20","25,884.75","33,722.54","4,065,776","110,733,645,250"
2008-09-29,"28,376","28,746","27,590","27,590","27,774.80","25,679.10","33,852.72","2,893,474","81,147,400,050"
2008-09-26,"28,330","28,607","27,498","27,636","27,673.20","25,549.70","33,984.82","2,096,070","58,620,537,900"
2008-09-25,"27,590","28,468","27,267","28,283","27,590.00","25,422.60","34,114.99","3,417,688","96,060,189,900"
2008-09-24,"27,636","28,098","27,359","27,636","26,998.60","25,274.75","34,223.22","2,487,213","68,895,726,750"
2008-09-23,"26,712","27,729","26,481","27,729","26,518.00","25,193.90","34,335.29","2,784,659","75,962,757,300"
2008-09-22,"27,544","27,867","26,804","27,082","25,778.60","25,110.70","34,446.98","3,400,527","92,842,705,350"
2008-09-19,"26,620","27,220","26,296","27,220","25,686.20","25,046.00","34,554.04","4,215,706","113,365,219,750"
2008-09-18,"24,355","25,326","23,800","25,326","25,446.00","25,002.10","34,661.11","3,941,593","97,965,430,500"
2008-09-17,"24,956","25,695","24,586","25,233","25,630.80","25,103.75","34,798.21","2,830,620","71,463,305,100"
2008-09-16,"23,385","24,355","22,876","24,032","25,584.60","25,226.25","34,939.93","9,390,860","222,546,514,850"
2008-09-12,"26,527","27,036","26,342","26,620","25,843.40","25,418.00","35,091.28","1,776,307","47,353,193,250"
2008-09-11,"26,481","27,036","26,019","26,019","25,233.20","25,471.15","35,219.92","3,756,344","99,198,980,100"
2008-09-10,"24,540","26,620","24,447","26,250","24,780.20","25,556.65","35,353.17","6,776,652","176,579,828,800"
2008-09-09,"24,956","25,326","24,679","25,002","24,188.60","25,651.40","35,484.88","2,753,027","68,753,327,000"
2008-09-08,"24,216","25,510","24,216","25,326","23,717.20","25,787.75","35,612.75","4,109,960","103,052,594,850"
2008-09-05,"22,969","23,893","22,969","23,569","23,319.60","25,857.05","35,737.53","3,212,135","75,711,367,550"
2008-09-04,"23,153","24,401","23,153","23,754","23,606.20","26,004.95","35,867.70","4,662,047","111,793,130,650"
2008-09-03,"22,183","23,800","22,137","23,292","23,874.20","26,166.70","36,027.92","4,666,544","108,739,283,450"
2008-09-02,"23,107","23,292","22,137","22,645","24,281.00","26,312.30","36,192.75","5,460,533","123,657,414,400"
2008-09-01,"24,401","24,586","23,338","23,338","24,955.80","26,543.40","36,355.28","3,689,998","88,033,896,750"
2008-08-29,"25,418","25,557","24,910","25,002","25,501.20","26,781.40","36,522.81","2,255,307","56,634,679,100"
2008-08-28,"25,557","25,649","25,002","25,094","25,658.40","26,917.75","36,681.10","1,920,233","48,597,460,300"
2008-08-27,"25,973","25,973","24,863","25,326","25,908.00","27,031.00","36,825.53","3,177,251","80,199,287,750"
2008-08-26,"25,649","26,250","25,557","26,019","26,314.60","27,118.80","36,964.17","1,645,084","42,209,175,850"
2008-08-25,"25,926","26,389","25,834","26,065","26,647.40","27,211.20","37,093.18","1,356,822","35,442,982,450"
2008-08-22,"26,065","26,250","25,279","25,788","27,007.80","27,340.60","37,226.82","2,882,147","73,891,748,350"
2008-08-21,"27,359","27,405","26,111","26,342","27,386.80","27,534.70","37,365.08","2,708,493","71,916,107,450"
2008-08-20,"27,174","27,451","26,712","27,359","27,664.20","27,684.90","37,484.86","2,704,540","73,366,980,400"
2008-08-19,"27,405","27,683","26,989","27,683","27,821.40","27,758.85","37,597.70","1,894,417","51,931,178,600"
2008-08-18,"27,960","28,376","27,775","27,867","27,830.60","27,825.85","37,708.23","3,486,584","97,907,411,500"
2008-08-14,"27,544","27,821","27,359","27,683","27,599.60","27,842.05","37,814.91","1,989,771","54,869,029,100"
2008-08-13,"28,006","28,145","27,267","27,729","27,368.40","27,899.80","37,919.28","2,811,771","77,720,721,200"
2008-08-12,"27,729","28,561","27,267","28,145","27,220.40","27,936.75","38,012.09","4,539,504","127,245,820,350"
2008-08-11,"27,267","28,052","27,082","27,729","26,832.20","27,962.15","38,111.07","4,741,654","131,712,106,600"
2008-08-08,"26,250","26,989","26,111","26,712","26,739.80","28,082.30","38,212.35","2,494,521","66,301,147,400"
2008-08-07,"27,128","27,128","26,342","26,527","27,017.00","28,271.80","38,327.89","2,938,652","78,108,325,600"
2008-08-06,"26,758","26,989","26,250","26,989","27,257.40","28,465.90","38,442.66","3,290,135","87,889,284,600"
2008-08-05,"26,989","27,405","25,926","26,204","27,331.40","28,703.95","38,538.94","5,759,435","151,252,305,250"
2008-08-04,"28,006","28,145","27,267","27,267","27,507.00","29,087.50","38,641.00","2,341,478","64,280,012,450"
2008-08-01,"27,498","28,422","27,313","28,098","27,627.00","29,457.20","38,724.96","2,944,253","82,505,799,500"
2008-07-31,"27,544","28,561","27,544","27,729","27,738.00","29,771.50","38,805.46","4,561,538","127,767,633,150"
2008-07-30,"27,636","27,683","27,128","27,359","28,126.20","30,122.75","38,877.86","2,600,707","71,405,108,250"
2008-07-29,"27,174","27,267","26,527","27,082","28,523.60","30,499.40","38,950.27","4,086,329","109,960,083,400"
2008-07-28,"28,607","28,699","27,498","27,867","28,874.80","30,936.10","39,031.91","5,274,893","146,915,760,450"
2008-07-25,"28,977","29,115","28,376","28,653","29,106.00","31,354.35","39,107.78","5,011,658","143,986,727,050"
2008-07-24,"29,439","29,716","28,468","29,670","29,013.60","31,747.20","39,182.88","7,311,285","213,080,842,100"
2008-07-23,"29,254","29,808","28,561","29,346","28,847.20","32,128.45","39,244.50","4,548,071","133,040,456,350"
2008-07-22,"28,838","28,838","28,330","28,838","28,671.60","32,525.90","39,331.16","2,439,316","69,690,494,350"
2008-07-21,"28,561","29,254","28,422","29,023","28,634.60","32,921.05","39,418.97","3,534,114","102,066,605,100"
2008-07-18,"29,346","29,577","27,729","28,191","28,856.40","33,306.95","39,493.68","4,112,323","117,180,080,150"
2008-07-17,"29,531","29,577","28,746","28,838","29,318.60","33,715.95","39,566.86","3,276,059","95,530,900,400"
2008-07-16,"28,977","29,254","28,006","28,468","29,632.80","34,122.65","39,641.19","3,612,744","103,366,761,150"
2008-07-15,"29,947","30,040","28,145","28,653","30,289.20","34,598.70","39,734.01","7,093,394","204,277,835,200"
2008-07-14,"30,224","30,733","29,762","30,132","31,333.60","35,051.60","39,830.29","4,848,342","146,247,995,200"
2008-07-11,"30,733","31,149","29,808","30,502","32,239.40","35,472.15","39,915.41","7,564,348","230,356,054,200"
2008-07-10,"29,624","30,825","29,624","30,409","33,015.80","35,874.20","40,013.62","10,904,169","329,253,954,400"
2008-07-09,"34,153","34,384","31,750","31,750","33,884.80","36,276.30","40,102.20","12,165,568","393,039,855,900"
2008-07-08,"34,476","34,476","33,090","33,875","34,513.20","36,669.10","40,182.30","4,081,181","138,057,146,850"
2008-07-07,"34,060","34,938","33,875","34,661","34,901.40","36,918.70","40,252.01","2,210,409","76,307,713,000"
2008-07-04,"35,031","35,308","34,153","34,384","35,215.60","37,159.00","40,311.32","2,604,587","90,590,599,050"
2008-07-03,"33,922","35,262","33,691","34,754","35,640.80","37,429.35","40,364.85","3,964,639","136,916,828,050"
2008-07-02,"35,724","36,001","34,291","34,892","36,149.00","37,692.75","40,412.60","3,003,337","105,078,834,600"
2008-07-01,"36,371","36,556","35,354","35,816","36,629.60","37,944.65","40,476.15","2,692,307","96,141,032,000"
2008-06-30,"36,602","37,064","36,232","36,232","36,814.60","38,247.40","40,539.32","1,664,804","60,949,375,850"
2008-06-27,"36,232","36,787","36,140","36,510","36,916.40","38,538.60","40,601.32","2,150,988","78,549,140,700"
2008-06-26,"37,573","38,358","37,111","37,295","36,888.60","38,723.45","40,678.35","2,491,453","94,354,321,350"
2008-06-25,"36,972","37,665","36,833","37,295","36,824.00","38,878.30","40,735.73","2,559,343","95,525,432,300"
2008-06-24,"36,556","37,249","36,463","36,741","36,962.80","39,056.25","40,790.81","1,736,931","64,076,337,250"
2008-06-23,"36,001","37,064","35,955","36,741","37,156.80","39,248.05","40,850.50","2,739,403","100,416,200,550"
2008-06-20,"37,064","37,434","36,140","36,371","37,517.20","39,444.45","40,898.64","3,484,175","127,408,497,850"
2008-06-19,"37,434","37,619","36,695","36,972","37,951.60","39,712.50","40,947.55","3,786,233","140,593,630,700"
2008-06-18,"37,480","38,081","37,295","37,989","38,247.40","39,959.75","40,998.38","2,435,305","91,973,658,600"
2008-06-17,"38,867","38,913","37,480","37,711","38,570.80","40,186.20","41,032.28","3,275,039","123,783,182,500"
2008-06-16,"39,005","39,144","38,497","38,543","38,802.00","40,401.10","41,079.27","1,964,776","76,166,763,600"
2008-06-13,"38,820","39,005","38,127","38,543","38,986.80","40,618.30","41,142.43","2,597,104","99,897,850,150"
2008-06-12,"38,820","39,375","38,451","38,451","39,236.40","41,029.65","41,209.45","3,081,148","119,411,624,600"
2008-06-11,"39,283","39,837","38,497","39,606","39,550.60","41,408.60","41,278.00","2,517,295","98,753,146,850"
2008-06-10,"39,791","39,976","38,636","38,867","39,615.40","41,736.75","41,330.77","4,108,566","160,450,387,350"
2008-06-09,"38,636","39,976","38,589","39,467","40,216.20","42,009.40","41,389.69","3,624,854","141,750,450,700"
2008-06-05,"40,253","40,854","39,791","39,791","40,734.00","42,286.70","41,450.55","3,369,219","135,257,383,000"
2008-06-04,"39,745","40,068","39,005","40,022","40,817.20","42,538.55","41,521.03","3,344,207","132,731,727,700"
2008-06-03,"41,270","41,270","39,560","39,930","40,891.20","42,698.00","41,585.73","5,749,682","231,386,577,850"
2008-06-02,"42,056","42,425","41,501","41,871","41,076.00","42,734.95","41,641.95","2,371,811","99,339,156,700"
2008-05-30,"40,577","42,333","40,392","42,056","40,817.20","42,679.50","41,692.02","7,835,550","326,437,887,350"
2008-05-29,"40,392","40,854","39,930","40,207","40,539.80","42,557.00","41,745.93","4,007,739","161,672,775,400"
2008-05-28,"41,039","41,085","39,837","40,392","40,844.80","42,531.60","41,808.32","3,248,898","131,196,606,300"
2008-05-27,"40,854","40,946","40,068","40,854","41,149.80","42,524.65","41,883.81","2,459,656","99,929,581,500"
2008-05-26,"40,207","41,131","40,022","40,577","41,482.60","42,466.90","41,947.74","2,686,245","108,898,746,900"
2008-05-23,"42,009","42,240","40,207","40,669","41,769.00","42,462.25","41,994.34","4,135,469","170,768,972,150"
2008-05-22,"41,547","41,778","40,946","41,732","42,212.60","42,522.35","42,036.71","3,827,426","157,970,430,850"
2008-05-21,"41,686","42,749","41,686","41,917","43,220.20","42,524.65","42,074.07","4,112,591","172,681,252,950"
2008-05-20,"42,287","42,980","41,316","42,518","44,042.80","42,446.10","42,124.52","5,900,055","249,249,034,550"
2008-05-19,"42,703","43,719","41,640","42,009","44,773.00","42,309.75","42,177.66","8,791,269","373,263,533,050"
2008-05-16,"45,660","46,169","42,795","42,887","45,235.20","42,171.10","42,251.22","16,582,620","728,313,482,850"
2008-05-15,"46,215","46,770","45,198","46,770","45,660.40","41,935.40","42,318.23","4,642,136","214,117,899,600"
2008-05-14,"46,585","47,139","45,568","46,030","45,272.00","41,591.05","42,352.12","4,393,944","203,353,606,000"
2008-05-13,"44,736","46,169","44,690","46,169","44,708.20","41,318.40","42,372.92","4,696,894","214,845,293,850"
2008-05-09,"45,476","45,522","43,950","44,320","43,608.20","41,145.10","42,383.32","3,806,862","170,206,781,650"
2008-05-08,"44,274","45,568","44,274","45,013","42,896.60","41,096.60","42,420.68","4,778,577","214,815,321,400"
2008-05-07,"44,366","45,291","44,043","44,828","41,815.20","41,004.20","42,472.28","9,433,707","421,505,757,350"
2008-05-06,"41,593","43,211","41,316","43,211","40,789.40","40,916.40","42,523.13","8,439,808","359,242,366,950"
2008-05-02,"41,547","41,640","40,392","40,669","40,197.80","40,927.95","42,594.38","4,367,440","178,936,701,200"
2008-04-30,"39,421","41,039","39,375","40,762","40,003.80","41,057.35","42,653.68","4,597,152","186,685,714,000"
2008-04-29,"39,745","40,346","39,514","39,606","39,948.20","41,082.75","42,692.97","2,020,623","80,556,124,550"
2008-04-28,"40,577","40,623","39,699","39,699","40,401.20","41,156.70","42,754.98","2,767,452","111,203,616,160"
2008-04-25,"40,161","40,392","39,652","40,253","40,817.00","41,228.30","42,803.50","2,949,563","117,983,880,100"
2008-04-24,"40,530","40,623","39,514","39,699","40,835.60","41,212.15","42,830.08","3,692,252","146,836,310,100"
2008-04-23,"41,409","41,640","39,976","40,484","40,854.00","41,230.60","42,859.34","4,878,052","198,642,862,000"
2008-04-22,"41,593","42,009","41,131","41,871","40,604.40","41,295.30","42,867.05","3,031,473","125,881,260,750"
2008-04-21,"41,270","41,871","40,900","41,778","39,864.80","41,313.75","42,848.56","4,494,080","186,820,128,000"
2008-04-18,"40,022","40,762","39,930","40,346","39,485.80","41,334.55","42,825.45","3,216,516","130,210,435,750"
2008-04-17,"39,930","40,623","39,514","39,791","39,532.00","41,420.05","42,827.38","3,966,379","159,115,553,450"
2008-04-16,"38,636","39,699","38,589","39,236","40,114.40","41,530.95","42,820.83","4,452,384","173,993,158,750"
2008-04-15,"39,652","40,115","37,989","38,173","40,937.20","41,671.95","42,814.28","7,391,541","285,445,385,400"
2008-04-14,"39,699","40,993","39,560","39,883","41,935.60","41,780.60","42,811.21","4,914,856","197,293,834,550"
2008-04-11,"41,871","42,102","40,115","40,577","42,573.40","41,801.40","42,790.80","11,572,148","471,737,854,500"
2008-04-10,"42,703","43,072","42,102","42,703","43,146.40","41,732.05","42,762.30","3,795,396","161,718,349,250"
2008-04-08,"43,396","43,396","42,333","43,350","43,257.20","41,745.90","42,730.72","3,445,971","147,533,787,790"
2008-04-07,"43,442","43,997","43,072","43,165","42,841.20","41,732.00","42,691.43","2,904,758","126,199,291,550"
2008-04-04,"43,442","43,442","42,240","43,072","42,425.20","41,681.15","42,672.18","4,159,840","177,566,903,550"
2008-04-03,"43,812","44,782","43,072","43,442","42,037.00","41,699.65","42,659.85","5,823,816","255,801,996,150"
2008-04-02,"42,240","43,442","41,917","43,257","41,334.60","41,727.40","42,644.06","5,369,639","230,212,621,850"
2008-04-01,"41,409","42,472","41,224","41,270","40,696.80","41,685.80","42,637.52","3,593,527","150,506,294,900"
2008-03-31,"41,316","41,824","40,577","41,085","40,798.40","41,720.45","42,624.03","2,815,975","116,141,873,550"
2008-03-28,"40,253","41,455","40,207","41,131","41,029.40","41,741.25","42,615.18","3,451,382","141,687,937,650"
2008-03-27,"39,514","40,438","39,098","39,930","41,242.00","41,789.80","42,620.18","3,709,865","147,456,966,000"
2008-03-26,"41,501","41,778","39,791","40,068","41,667.20","41,912.25","42,621.73","7,268,443","293,152,312,000"
2008-03-25,"42,656","42,703","41,316","41,778","42,055.40","41,944.60","42,625.19","3,603,070","150,947,797,500"
2008-03-24,"42,518","42,703","41,824","42,240","42,111.00","41,900.70","42,614.79","1,782,085","75,389,684,600"
2008-03-21,"42,472","42,795","41,963","42,194","41,732.20","41,836.00","42,585.14","1,973,438","83,466,594,900"
2008-03-20,"41,224","42,194","40,900","42,056","41,353.20","41,759.75","42,555.88","2,395,988","99,394,635,750"
2008-03-19,"43,303","43,396","41,732","42,009","40,780.00","41,667.30","42,514.67","3,607,608","153,422,470,650"
2008-03-18,"40,854","42,102","40,669","42,056","40,974.20","41,510.20","42,461.91","4,098,481","169,932,368,050"
2008-03-17,"40,022","40,669","39,283","40,346","41,177.40","41,408.50","42,430.33","5,209,173","207,743,627,950"
2008-03-14,"40,207","41,316","39,745","40,299","41,537.80","41,385.35","42,417.61","6,209,348","251,676,853,760"
2008-03-13,"40,115","40,484","39,005","39,190","42,166.40","41,399.25","42,405.68","36,738,948","1,454,799,769,750"
2008-03-12,"44,644","44,736","42,425","42,980","43,127.80","41,454.70","42,393.35","2,836,990","124,129,879,400"
2008-03-11,"41,640","43,673","41,547","43,072","43,016.80","41,232.85","42,352.53","2,682,429","115,117,831,600"
2008-03-10,"42,703","43,350","41,824","42,148","42,795.00","41,001.80","42,305.93","1,968,650","83,353,685,350"
2008-03-07,"43,442","44,875","43,211","43,442","42,665.60","40,761.50","42,283.20","3,337,605","146,467,825,600"
2008-03-06,"43,396","44,597","42,980","43,997","42,397.60","40,477.30","42,235.06","4,243,296","186,388,240,350"
2008-03-05,"42,518","43,303","41,963","42,425","42,074.00","40,098.30","42,172.67","2,427,528","103,343,351,250"
2008-03-04,"41,778","42,472","40,808","41,963","41,732.00","39,779.45","42,117.98","2,274,428","94,864,562,100"
2008-03-03,"41,039","41,917","40,577","41,501","41,519.40","39,525.25","42,070.62","1,929,052","79,809,820,200"
2008-02-29,"42,333","42,887","42,009","42,102","41,408.40","39,298.80","42,032.10","1,838,816","78,050,192,250"
2008-02-28,"40,715","43,072","39,930","42,379","41,121.80","39,076.95","41,988.58","4,364,866","182,987,817,400"
2008-02-27,"41,409","41,593","40,484","40,715","40,687.40","38,811.20","41,929.65","1,658,582","67,697,760,650"
2008-02-26,"41,039","41,039","40,022","40,900","40,317.80","38,762.70","41,896.15","2,230,616","90,193,150,200"
2008-02-25,"41,224","41,871","40,623","40,946","40,142.20","38,686.45","41,868.81","1,811,807","74,524,992,050"
2008-02-22,"40,022","41,362","39,745","40,669","39,929.60","38,538.60","41,843.39","2,579,965","105,148,510,100"
2008-02-21,"39,329","40,900","39,283","40,207","39,911.20","38,353.75","41,826.45","2,918,239","117,701,610,050"
2008-02-20,"39,421","39,652","38,820","38,867","39,929.60","38,231.30","41,808.73","2,050,430","80,207,442,100"
2008-02-19,"40,022","40,438","39,329","40,022","39,864.80","38,268.25","41,803.73","1,769,764","70,541,387,050"
2008-02-18,"40,115","40,253","39,375","39,883","39,550.60","38,277.50","41,792.94","1,777,869","70,750,403,950"
2008-02-15,"39,745","40,993","39,514","40,577","39,042.40","38,300.65","41,769.45","2,002,665","80,755,759,100"
2008-02-14,"39,421","40,854","39,375","40,299","38,478.60","38,386.15","41,762.52","3,260,722","131,416,913,950"
2008-02-13,"39,144","39,190","38,405","38,543","37,702.20","38,423.15","41,781.01","1,709,083","66,356,805,400"
2008-02-12,"38,081","39,052","37,758","38,451","37,203.20","38,564.10","41,819.53","3,523,432","135,608,794,400"
2008-02-11,"36,510","37,711","36,463","37,342","36,888.80","38,753.55","41,846.48","2,885,188","106,852,610,200"
2008-02-05,"36,556","38,405","36,510","37,758","36,814.80","38,975.35","41,886.92","3,099,604","117,062,235,850"
2008-02-04,"36,510","36,926","36,279","36,417","36,796.20","39,127.85","41,908.09","2,855,147","104,233,623,900"
2008-02-01,"37,434","37,711","35,262","36,048","36,925.60","39,331.20","41,939.68","3,446,565","124,449,258,260"
2008-01-31,"36,325","38,312","36,048","36,879","37,665.00","39,654.70","41,975.49","2,359,666","87,502,691,300"
2008-01-30,"38,266","38,497","36,648","36,972","38,164.20","39,980.55","41,995.13","1,924,940","72,210,288,950"
2008-01-29,"37,850","38,312","36,972","37,665","38,367.60","40,315.60","42,003.61","1,923,586","72,204,921,550"
2008-01-28,"39,005","39,514","36,972","37,064","38,229.00","40,720.00","42,008.23","2,340,452","89,048,493,400"
2008-01-25,"39,652","39,883","38,636","39,745","38,367.80","41,075.85","42,032.88","1,954,492","76,636,032,300"
2008-01-24,"38,959","39,606","38,867","39,375","38,340.00","41,283.80","42,026.33","2,067,156","81,111,673,000"
2008-01-23,"38,266","38,959","37,434","37,989","38,506.40","41,510.25","42,017.09","2,893,375","110,794,460,300"
2008-01-22,"35,955","37,434","35,724","36,972","38,977.80","41,736.70","42,033.27","3,538,820","129,494,717,400"
2008-01-21,"39,098","39,467","36,926","37,758","40,040.80","42,000.10","42,055.60","3,874,981","147,013,701,250"
2008-01-18,"39,190","40,161","38,173","39,606","40,697.00","42,265.80","42,073.31","3,535,006","137,905,470,100"
2008-01-17,"41,039","41,039","39,236","40,207","41,048.20","42,388.30","42,082.55","2,759,590","110,767,331,100"
2008-01-16,"40,946","41,316","40,022","40,346","41,454.80","42,545.45","42,083.71","3,845,328","155,582,032,650"
2008-01-15,"42,703","42,749","41,224","42,287","41,741.20","42,834.30","42,063.29","3,962,725","167,000,094,400"
2008-01-14,"41,224","41,686","40,161","41,039","41,445.40","43,049.20","42,030.94","2,428,607","99,637,671,300"
2008-01-11,"43,072","43,396","41,085","41,362","41,334.40","43,331.10","42,020.54","1,840,327","77,164,939,400"
2008-01-10,"42,333","43,211","42,056","42,240","41,565.60","43,559.90","42,000.90","2,522,772","107,810,074,770"
2008-01-09,"39,930","41,778","39,837","41,778","41,796.80","43,744.80","41,970.87","2,717,972","110,949,420,700"
2008-01-08,"40,207","41,732","40,161","40,808","42,175.80","43,994.40","41,954.31","2,599,837","106,607,061,750"
2008-01-07,"40,669","41,547","40,207","40,484","43,164.80","44,366.40","41,955.08","3,743,070","152,464,110,500"
2008-01-04,"42,841","43,072","42,148","42,518","43,904.20","44,731.50","41,956.23","2,905,284","121,682,720,300"
2008-01-03,"42,980","43,442","42,240","43,396","44,181.40","44,939.45","41,941.98","2,228,471","95,396,658,200"
2008-01-02,"45,291","45,429","43,673","43,673","44,283.00","45,163.60","41,916.18","1,604,472","71,374,491,850"
2007-12-28,"44,089","45,753","43,488","45,753","44,052.00","45,406.25","41,879.59","1,779,678","79,626,011,400"
2007-12-27,"43,719","44,921","43,719","44,181","43,349.40","45,503.30","41,827.21","1,192,649","52,949,223,000"
2007-12-26,"44,366","44,505","43,303","43,904","43,127.60","45,766.75","41,785.62","1,587,415","69,691,202,650"
2007-12-24,"43,534","44,505","43,350","43,904","42,758.00","45,997.85","41,736.32","2,255,195","99,043,048,200"
2007-12-21,"42,887","42,980","42,148","42,518","42,647.20","46,111.10","41,686.26","2,339,967","99,653,426,600"
2007-12-20,"43,627","43,858","41,963","42,240","43,368.20","46,272.85","41,643.51","2,818,811","119,686,221,100"
2007-12-18,"42,056","43,165","41,362","43,072","44,237.20","46,471.60","41,618.87","2,708,534","115,456,331,600"
2007-12-17,"42,564","42,887","40,993","42,056","44,958.20","46,716.55","41,586.90","4,021,010","168,766,113,050"
2007-12-14,"45,383","45,614","42,934","43,350","45,734.60","47,058.50","41,568.03","6,464,485","283,138,783,700"
2007-12-13,"46,215","46,492","45,291","46,123","46,252.20","47,432.80","41,545.68","3,270,544","150,445,942,900"
2007-12-12,"45,291","46,585","44,875","46,585","46,381.60","47,673.10","41,501.78","3,357,271","152,625,542,000"
2007-12-11,"46,215","46,677","44,782","46,677","46,714.20","47,885.65","41,463.64","2,146,778","98,111,214,900"
2007-12-10,"45,753","46,770","45,568","45,938","46,936.00","47,978.10","41,419.74","1,734,059","79,967,673,500"
2007-12-07,"47,047","47,047","45,938","45,938","47,083.80","48,052.05","41,375.83","2,409,559","111,484,143,250"
2007-12-06,"49,080","49,265","46,169","46,770","47,472.00","48,195.30","41,339.63","6,071,277","287,309,776,750"
2007-12-05,"47,786","48,988","47,509","48,248","47,823.20","48,417.10","41,280.31","2,226,852","107,700,676,020"
2007-12-04,"46,770","48,248","46,307","47,786","47,712.40","48,551.15","41,209.45","1,893,914","89,356,405,900"
2007-12-03,"47,879","48,618","45,984","46,677","48,045.20","48,749.90","41,138.59","2,451,269","115,502,224,300"
2007-11-30,"48,988","50,189","47,601","47,879","48,415.00","48,805.35","41,058.48","2,404,582","117,156,625,500"
2007-11-29,"49,173","49,265","47,324","48,526","48,073.00","48,685.20","40,959.89","2,484,836","120,113,168,000"
2007-11-28,"50,097","50,744","47,694","47,694","47,518.40","48,611.25","40,851.67","2,574,068","126,367,885,300"
2007-11-27,"47,324","50,282","46,492","49,450","47,222.60","48,502.65","40,738.44","3,359,661","162,538,931,600"
2007-11-26,"47,509","48,988","46,770","48,526","46,926.80","48,202.25","40,610.97","2,568,916","123,001,690,350"
2007-11-23,"46,076","46,862","44,921","46,169","47,000.60","47,936.50","40,502.74","2,653,500","121,849,326,310"
2007-11-22,"45,291","46,123","43,997","45,753","47,934.00","47,698.50","40,415.32","4,262,161","191,953,954,700"
2007-11-21,"47,786","48,711","45,845","46,215","48,969.20","47,393.45","40,332.51","2,497,101","117,956,453,100"
2007-11-20,"47,601","47,971","45,753","47,971","49,893.40","47,032.95","40,240.07","3,898,277","182,605,604,950"
2007-11-19,"51,946","52,131","48,895","48,895","50,004.40","46,663.25","40,137.63","2,342,188","118,302,880,020"
2007-11-16,"50,189","51,021","47,879","50,836","49,708.80","46,168.75","40,025.18","2,818,382","139,251,712,000"
2007-11-15,"51,021","51,853","50,282","50,929","49,302.20","45,549.50","39,906.95","2,797,020","142,490,337,400"
2007-11-14,"50,282","52,131","50,097","50,836","49,357.60","44,893.25","39,787.56","4,239,232","215,664,562,800"
2007-11-13,"47,786","49,635","46,585","48,526","49,376.20","44,223.15","39,665.48","4,315,704","208,879,666,100"
2007-11-12,"48,064","48,156","45,753","47,417","50,023.20","43,654.70","39,557.63","4,287,510","201,281,677,350"
2007-11-09,"51,946","53,240","48,064","48,803","50,097.00","43,229.50","39,453.64","5,484,286","279,336,298,900"
2007-11-08,"50,836","53,794","50,189","51,206","49,431.60","42,721.15","39,341.57","6,191,846","321,679,865,800"
2007-11-07,"53,147","54,256","50,929","50,929","48,599.80","42,203.55","39,218.71","4,900,190","256,294,351,100"
2007-11-06,"49,912","51,946","49,635","51,761","47,518.40","41,736.75","39,098.93","6,100,191","310,581,274,400"
2007-11-05,"46,215","49,265","46,215","47,786","45,854.60","41,226.05","38,978.78","5,328,730","255,522,645,600"
2007-11-02,"46,169","47,879","45,476","45,476","44,939.60","40,960.35","38,897.13","3,339,715","155,816,991,650"
2007-11-01,"46,585","47,971","46,123","47,047","44,126.20","40,669.15","38,833.97","6,810,919","321,322,852,600"
2007-10-31,"43,442","46,123","42,980","45,522","42,647.20","40,317.90","38,749.23","6,563,624","295,577,642,680"
2007-10-30,"43,812","44,967","43,211","43,442","41,343.80","40,128.40","38,668.74","4,115,231","180,772,581,250"
2007-10-29,"42,240","43,997","42,194","43,211","40,770.80","39,962.05","38,605.19","4,696,165","203,022,219,740"
2007-10-26,"40,115","44,366","39,699","41,409","39,929.60","39,825.70","38,543.96","7,887,146","329,647,448,800"
2007-10-25,"39,652","40,299","38,959","39,652","39,338.00","39,781.75","38,493.12","2,907,593","115,182,257,000"
2007-10-24,"41,131","41,131","38,266","39,005","38,968.40","39,733.25","38,460.77","3,423,396","135,787,179,050"
2007-10-23,"40,392","40,808","39,606","40,577","38,654.20","39,717.10","38,427.65","7,852,661","317,131,811,900"
2007-10-22,"37,434","39,421","37,157","39,005","37,970.20","39,543.80","38,375.27","6,602,334","253,768,222,750"
2007-10-19,"38,358","39,467","37,619","38,451","37,951.80","39,377.45","38,335.22","4,342,684","168,016,356,700"
2007-10-18,"37,896","38,081","36,879","37,804","37,988.80","39,368.20","38,289.38","2,979,752","111,820,773,460"
2007-10-17,"37,157","38,127","36,741","37,434","38,598.80","39,419.00","38,242.01","3,705,955","138,414,747,700"
2007-10-16,"37,850","37,942","37,018","37,157","39,430.60","39,490.65","38,200.42","4,181,517","156,127,222,400"
2007-10-15,"39,144","39,652","38,266","38,913","40,308.60","39,518.35","38,159.59","3,775,169","147,118,201,800"
2007-10-12,"40,346","40,392","38,451","38,636","41,020.40","39,476.75","38,107.98","6,255,289","243,548,964,850"
2007-10-11,"40,669","41,085","40,068","40,854","41,223.60","39,418.95","38,062.53","56,384,052","2,265,011,420,800"
2007-10-10,"42,841","43,257","40,715","41,593","41,057.20","39,347.30","37,997.06","4,852,629","201,765,427,500"
2007-10-09,"43,442","43,627","40,715","41,547","41,085.00","39,150.90","37,925.04","3,199,892","134,693,606,550"
2007-10-08,"41,131","43,396","41,039","42,472","40,798.60","38,899.05","37,848.79","4,851,699","204,004,217,250"
2007-10-05,"40,530","40,623","39,052","39,652","40,401.00","38,568.60","37,744.42","2,171,919","85,932,915,200"
2007-10-04,"41,593","41,732","39,930","40,022","40,576.60","38,399.95","37,668.55","2,174,909","88,309,321,920"
2007-10-02,"41,316","41,732","40,762","41,732","40,308.60","38,242.80","37,599.23","1,991,005","82,305,056,070"
2007-10-01,"41,131","41,593","39,745","40,115","39,698.60","38,000.15","37,516.81","1,568,827","64,106,047,520"
2007-09-28,"40,762","41,316","39,883","40,484","39,097.80","37,759.80","37,441.32","1,683,554","68,548,790,150"
2007-09-27,"39,606","40,530","39,467","40,530","38,136.60","37,570.35","37,358.13","2,722,680","108,956,732,800"
2007-09-21,"38,682","38,959","37,942","38,682","37,683.80","37,424.80","37,275.72","1,308,727","50,378,844,650"
2007-09-20,"37,619","38,774","37,434","38,682","37,711.40","37,385.50","37,206.78","2,363,696","90,592,074,000"
2007-09-19,"36,972","37,526","36,371","37,111","37,748.40","37,383.20","37,135.53","2,197,302","81,162,302,550"
2007-09-18,"37,804","37,850","35,678","35,678","37,868.40","37,431.70","37,077.37","3,704,317","135,394,623,150"
2007-09-17,"39,236","39,375","37,665","38,266","38,349.00","37,561.10","37,031.92","1,651,965","62,973,757,100"
2007-09-14,"39,144","39,190","38,358","38,820","38,191.80","37,584.20","36,966.44","1,208,659","46,977,914,150"
2007-09-13,"38,173","38,867","37,989","38,867","38,312.00","37,496.40","36,901.74","1,763,931","68,084,054,350"
2007-09-12,"38,636","39,236","37,711","37,711","38,071.60","37,540.30","36,837.43","1,812,071","69,838,275,200"
2007-09-11,"37,758","38,173","37,064","38,081","37,831.40","37,780.65","36,786.59","1,279,801","48,304,101,600"
2007-09-10,"38,728","38,820","37,388","37,480","37,387.80","38,034.85","36,739.99","1,698,914","64,157,422,800"
2007-09-07,"38,081","39,421","37,989","39,421","37,147.60","38,245.15","36,689.16","3,017,516","117,528,300,700"
2007-09-06,"36,972","37,665","36,695","37,665","36,639.20","38,383.80","36,607.13","2,402,419","89,531,599,050"
2007-09-05,"36,648","37,758","36,510","36,510","36,482.00","38,515.50","36,533.95","2,306,557","85,404,760,000"
2007-09-04,"36,094","36,879","35,770","35,863","36,241.60","38,700.35","36,463.47","1,190,175","43,147,190,650"
2007-09-03,"37,018","37,342","36,279","36,279","36,408.00","38,924.50","36,403.77","1,677,031","61,527,951,000"
2007-08-31,"37,064","37,619","36,510","36,879","36,676.00","39,072.35","36,342.14","1,783,132","66,213,090,800"
2007-08-30,"36,186","37,295","35,909","36,879","36,879.40","39,127.85","36,278.60","1,840,568","67,374,700,100"
2007-08-29,"35,308","36,001","34,938","35,308","37,230.80","39,194.90","36,212.75","2,639,065","93,412,472,900"
2007-08-28,"37,758","37,989","36,371","36,695","37,785.40","39,430.60","36,155.75","2,197,936","81,173,051,100"
2007-08-27,"38,589","39,190","37,480","37,619","38,099.60","39,543.80","36,086.81","1,398,812","53,362,806,650"
2007-08-24,"38,820","39,283","37,665","37,896","38,321.40","39,576.15","36,006.70","1,800,907","68,585,722,800"
2007-08-23,"39,098","39,560","38,358","38,636","38,155.00","39,677.85","35,926.59","2,384,216","93,200,265,450"
2007-08-22,"37,619","38,497","37,342","38,081","38,376.80","39,728.65","35,843.02","2,745,140","103,685,828,800"
2007-08-21,"38,774","38,913","37,758","38,266","39,264.20","39,818.75","35,773.31","1,437,803","55,103,406,250"
2007-08-20,"38,636","39,005","37,942","38,728","40,244.00","39,941.20","35,703.22","2,251,789","86,794,466,000"
2007-08-17,"39,652","39,745","36,926","37,064","40,835.60","40,022.10","35,633.13","2,652,571","100,986,139,800"
2007-08-16,"40,854","41,131","39,005","39,745","41,861.60","40,063.70","35,569.20","3,637,513","145,577,752,300"
2007-08-14,"42,980","44,228","42,379","42,518","41,972.40","39,996.70","35,480.62","1,828,860","79,061,695,950"
2007-08-13,"42,518","43,350","42,425","43,165","41,510.20","39,860.35","35,364.69","2,860,206","122,870,711,800"
2007-08-10,"41,224","42,703","40,946","41,686","40,946.40","39,652.35","35,239.13","3,730,856","156,424,224,600"
2007-08-09,"40,854","42,194","40,854","42,194","40,456.40","39,499.85","35,125.90","3,161,528","132,066,103,700"
2007-08-08,"40,438","40,715","40,115","40,299","39,615.40","39,379.70","35,007.67","1,229,510","49,835,774,100"
2007-08-07,"40,854","41,131","39,791","40,207","39,199.60","39,409.75","34,912.54","1,556,767","62,801,674,200"
2007-08-06,"38,081","40,946","38,081","40,346","39,162.60","39,430.55","34,818.18","2,628,920","104,989,708,550"
2007-08-03,"38,636","39,467","38,451","39,236","38,885.20","39,453.65","34,718.05","1,242,135","48,445,133,500"
2007-08-02,"38,820","39,421","37,203","37,989","38,691.20","39,506.80","34,622.16","1,466,198","56,384,475,000"
2007-08-01,"39,098","39,283","37,896","38,220","39,079.40","39,571.50","34,536.28","2,364,893","89,095,437,650"
2007-07-31,"39,052","40,022","38,636","40,022","39,365.80","39,633.85","34,446.53","1,648,213","65,440,986,450"
2007-07-30,"37,989","39,329","37,434","38,959","39,338.00","39,592.25","34,327.92","1,436,435","55,384,129,850"
2007-07-27,"38,451","39,052","37,989","38,266","39,689.20","39,543.75","34,213.92","2,012,559","77,341,683,900"
2007-07-26,"39,606","40,900","39,005","39,930","40,105.20","39,525.25","34,100.30","2,612,532","104,475,928,400"
2007-07-25,"39,098","40,115","38,774","39,652","39,698.40","39,398.15","33,969.74","1,433,030","56,267,069,900"
2007-07-24,"41,085","41,085","39,791","39,883","39,449.00","39,379.70","33,849.20","1,381,297","55,542,710,500"
2007-07-23,"40,346","41,177","40,115","40,715","39,430.60","39,347.35","33,731.74","3,252,957","132,258,660,050"
2007-07-20,"38,682","40,946","38,497","40,346","39,088.60","39,301.15","33,606.57","4,414,752","176,248,665,200"
2007-07-19,"37,989","38,774","37,480","37,896","38,746.60","39,317.30","33,492.57","2,832,688","107,761,917,300"
2007-07-18,"39,837","39,837","38,405","38,405","39,125.60","39,465.20","33,393.60","2,560,896","99,106,852,550"
2007-07-16,"39,375","39,976","39,144","39,791","39,624.60","39,645.40","33,285.38","1,883,999","74,594,614,650"
2007-07-13,"39,329","39,421","38,636","39,005","39,791.00","39,726.30","33,164.44","2,216,607","86,316,857,150"
2007-07-12,"40,022","40,577","38,543","38,636","40,151.60","39,809.50","33,048.13","3,951,520","154,149,163,800"
2007-07-11,"41,362","41,593","39,745","39,791","40,484.20","39,957.35","32,937.98","2,931,242","118,570,979,700"
2007-07-10,"40,854","41,177","40,207","40,900","40,382.60","39,950.40","32,822.06","2,322,597","94,566,235,450"
2007-07-09,"40,669","40,762","40,068","40,623","40,096.00","39,892.65","32,706.13","2,899,031","117,201,104,050"
2007-07-06,"40,299","41,177","39,560","40,808","39,809.40","39,825.65","32,590.21","2,941,899","119,185,603,200"
2007-07-05,"39,745","40,854","39,467","40,299","39,245.60","39,638.45","32,472.36","2,500,611","101,125,834,300"
2007-07-04,"39,421","39,652","38,959","39,283","38,765.00","39,425.90","32,354.13","1,441,350","56,645,518,100"
2007-07-03,"39,976","40,022","39,144","39,467","38,386.00","39,238.70","32,244.36","1,455,848","57,531,455,300"
2007-07-02,"38,728","39,375","38,220","39,190","38,349.20","38,970.70","32,134.22","1,565,079","60,966,722,800"
2007-06-29,"38,266","39,467","37,989","37,989","38,358.40","38,718.85","32,026.38","1,692,823","65,681,655,000"
2007-06-28,"38,358","38,867","37,758","37,896","38,718.80","38,596.35","31,929.33","1,979,134","75,609,003,500"
2007-06-27,"39,329","39,375","36,972","37,388","39,273.40","38,485.45","31,841.13","3,264,370","123,463,509,580"
2007-06-26,"39,236","40,022","38,913","39,283","39,966.60","38,406.85","31,752.93","971,380","38,227,869,700"
2007-06-25,"40,207","40,299","39,052","39,236","40,511.80","38,198.85","31,650.88","1,243,920","49,470,726,650"
2007-06-22,"40,669","40,854","39,514","39,791","40,946.40","38,020.95","31,538.43","1,282,039","51,192,827,600"
2007-06-21,"40,207","41,501","40,115","40,669","41,122.00","37,801.45","31,423.28","1,099,794","44,759,070,000"
2007-06-20,"41,547","41,547","40,715","40,854","41,306.80","37,600.40","31,298.11","1,664,797","68,489,939,750"
2007-06-19,"41,409","42,795","40,299","42,009","41,066.40","37,387.80","31,167.93","2,429,154","101,023,699,800"
2007-06-18,"41,501","41,871","41,039","41,409","40,613.60","37,096.65","31,028.13","1,696,400","70,508,397,900"
2007-06-15,"41,224","41,640","40,346","40,669","40,188.40","36,805.45","30,897.18","1,736,445","71,034,767,000"
2007-06-14,"40,346","41,593","40,299","41,593","39,467.40","36,518.90","30,773.18","3,443,835","141,471,984,200"
2007-06-13,"39,329","39,930","38,728","39,652","38,358.40","36,206.95","30,632.61","2,122,397","83,656,565,800"
2007-06-12,"39,837","40,022","38,820","39,745","37,535.80","36,047.50","30,507.83","1,696,527","67,077,687,000"
2007-06-11,"38,081","39,976","38,081","39,283","36,408.20","35,888.05","30,381.13","4,028,460","157,398,538,500"
2007-06-08,"36,879","38,081","36,510","37,064","35,382.20","35,791.00","30,250.57","3,749,655","140,325,075,800"
2007-06-07,"35,123","36,510","34,800","36,048","35,077.20","35,837.25","30,140.81","2,795,802","99,215,718,750"
2007-06-05,"34,661","36,001","34,522","35,539","35,003.20","35,929.65","30,048.38","2,578,018","91,166,976,700"
2007-06-04,"34,153","34,800","33,413","34,107","35,058.60","35,996.65","29,962.49","1,848,175","63,085,307,000"
2007-06-01,"35,262","35,308","34,060","34,153","35,261.80","36,084.45","29,894.32","2,861,738","99,054,211,450"
2007-05-31,"36,048","36,325","34,985","35,539","35,566.80","36,167.60","29,824.61","1,441,079","51,191,047,850"
2007-05-30,"35,909","36,140","34,846","35,678","35,539.20","36,183.80","29,743.73","1,477,048","52,513,426,350"
2007-05-29,"35,678","36,510","35,632","35,816","35,733.20","36,165.30","29,663.24","1,977,079","71,601,750,700"
2007-05-28,"35,308","35,585","34,569","35,123","35,890.40","36,163.00","29,587.38","1,149,880","40,156,567,050"
2007-05-25,"34,754","35,678","34,661","35,678","36,103.00","36,158.40","29,518.05","1,009,946","35,411,144,000"
2007-05-23,"35,863","36,232","34,892","35,401","36,084.40","36,089.05","29,441.79","1,970,211","69,668,368,550"
2007-05-22,"36,325","37,018","36,094","36,648","35,991.80","36,028.95","29,364.76","1,130,294","41,375,526,880"
2007-05-21,"36,417","36,787","35,724","36,602","35,733.00","35,844.10","29,279.65","1,478,922","53,900,494,550"
2007-05-18,"36,232","37,203","35,863","36,186","35,705.20","35,619.95","29,197.62","2,543,423","93,388,847,350"
2007-05-17,"35,493","35,955","35,216","35,585","35,779.20","35,432.80","29,118.67","1,779,300","63,373,684,400"
2007-05-16,"34,661","35,123","33,922","34,938","36,130.60","35,266.45","29,053.20","2,335,120","80,325,587,900"
2007-05-15,"35,493","35,863","35,077","35,354","36,740.80","35,155.55","28,997.36","1,726,041","61,115,759,500"
2007-05-14,"36,879","37,064","35,401","36,463","37,249.20","35,046.95","28,941.13","1,101,917","39,869,782,900"
2007-05-11,"36,695","36,972","35,863","36,556","37,332.40","34,873.65","28,872.97","1,431,091","51,944,510,550"
2007-05-10,"37,896","37,989","37,157","37,342","37,193.80","34,693.40","28,808.27","1,013,654","38,096,727,000"
2007-05-09,"37,896","38,497","37,619","37,989","36,888.60","34,446.15","28,743.56","1,205,949","45,914,397,100"
2007-05-08,"36,972","38,451","36,972","37,896","36,463.40","34,044.05","28,664.22","2,348,953","89,090,914,000"
2007-05-07,"35,955","37,342","35,955","36,879","35,945.80","33,676.65","28,579.88","1,619,295","59,725,802,040"
2007-05-04,"35,401","35,955","35,031","35,863","35,724.00","33,417.85","28,505.17","696,731","24,873,007,200"
2007-05-03,"36,094","36,232","35,585","35,816","35,557.60","33,216.80","28,440.85","725,169","25,965,832,390"
2007-05-02,"35,401","36,186","35,401","35,863","35,252.60","32,978.80","28,375.77","1,041,978","37,367,000,000"
2007-04-30,"35,585","35,770","34,938","35,308","34,919.80","32,710.75","28,312.60","597,071","21,078,039,800"
2007-04-27,"35,539","36,279","35,216","35,770","34,448.40","32,477.35","28,245.59","2,197,124","78,726,512,900"
2007-04-26,"34,846","35,724","34,754","35,031","33,718.20","32,209.30","28,178.20","1,871,921","66,196,132,600"
2007-04-25,"34,384","35,123","33,829","34,291","33,200.60","31,964.35","28,120.82","1,907,089","65,709,280,500"
2007-04-24,"33,044","34,569","32,720","34,199","32,794.00","31,756.40","28,068.44","2,066,406","69,837,156,000"
2007-04-23,"32,258","33,413","32,258","32,951","32,498.20","31,557.65","28,014.53","1,201,968","39,574,341,500"
2007-04-20,"32,165","32,443","31,426","32,119","32,544.40","31,430.55","27,961.38","1,337,473","42,535,337,610"
2007-04-19,"32,535","32,720","32,165","32,443","32,720.00","31,377.40","27,913.63","1,032,773","33,457,856,700"
2007-04-18,"32,350","32,951","32,119","32,258","32,821.60","31,312.70","27,859.71","950,644","30,741,946,100"
2007-04-17,"33,552","33,552","32,397","32,720","32,849.40","31,280.35","27,808.87","948,583","31,116,431,600"
2007-04-16,"33,090","33,598","32,720","33,182","32,294.80","31,268.80","27,754.18","1,116,996","37,203,758,800"
2007-04-13,"33,737","34,107","32,905","32,997","31,768.00","31,178.70","27,699.10","2,322,206","77,680,887,000"
2007-04-12,"32,397","33,090","31,981","32,951","31,509.20","31,007.70","27,650.96","2,598,919","84,758,438,600"
2007-04-11,"31,287","32,905","31,287","32,397","31,287.40","30,804.35","27,598.20","5,388,165","172,961,771,500"
2007-04-10,"30,455","30,733","29,439","29,947","31,019.20","30,587.10","27,554.68","1,847,029","55,744,356,850"
2007-04-09,"31,380","31,380","30,271","30,548","31,130.20","30,524.70","27,533.88","2,628,298","80,484,300,450"
2007-04-06,"32,027","32,628","31,703","31,703","31,148.60","30,441.50","27,508.84","1,150,737","36,986,965,300"
2007-04-05,"31,380","31,888","30,918","31,842","30,889.80","30,319.05","27,466.48","1,405,584","44,306,579,500"
2007-04-04,"30,733","31,426","30,640","31,056","30,547.80","30,175.80","27,423.35","1,342,663","41,786,937,600"
2007-04-03,"30,502","30,918","30,132","30,502","30,363.00","30,046.40","27,385.61","1,175,498","35,845,193,500"
2007-04-02,"30,825","31,241","30,594","30,640","30,307.40","29,942.40","27,365.58","1,716,657","53,213,812,800"
2007-03-30,"30,132","30,779","29,947","30,409","30,261.20","29,810.70","27,349.02","2,477,679","75,342,861,900"
2007-03-29,"30,040","30,409","29,762","30,132","30,390.60","29,704.40","27,336.69","1,282,660","38,569,904,300"
2007-03-28,"29,947","30,640","29,947","30,132","30,594.00","29,628.15","27,331.30","1,688,304","51,116,467,750"
2007-03-27,"30,271","30,363","29,947","30,224","30,889.80","29,607.35","27,322.06","1,034,559","31,266,784,100"
2007-03-26,"30,733","30,825","30,224","30,409","31,342.80","29,588.90","27,305.50","1,510,649","45,932,923,520"
2007-03-23,"30,964","31,287","30,825","31,056","31,537.00","29,584.30","27,283.17","751,376","23,310,000,600"
2007-03-22,"31,426","31,750","30,964","31,149","31,241.20","29,501.15","27,258.13","1,352,451","42,224,990,700"
2007-03-21,"32,073","32,073","31,149","31,611","30,788.20","29,399.45","27,245.03","1,383,639","43,688,588,000"
2007-03-20,"31,934","32,997","31,888","32,489","30,076.40","29,249.25","27,228.86","2,578,217","83,743,626,550"
2007-03-19,"29,716","31,750","29,531","31,380","29,318.40","29,029.70","27,217.30","2,558,171","79,384,383,500"
2007-03-16,"28,930","29,947","28,561","29,577","28,819.20","28,865.60","27,216.14","1,338,493","39,245,345,500"
2007-03-15,"28,561","29,393","28,561","28,884","28,754.60","28,787.05","27,240.41","1,179,798","34,193,454,400"
2007-03-14,"28,145","28,468","27,914","28,052","28,773.20","28,787.05","27,280.85","775,611","21,893,021,270"
2007-03-13,"28,977","29,161","28,514","28,699","28,856.40","28,828.65","27,330.15","631,976","18,219,438,400"
2007-03-12,"29,300","29,670","28,884","28,884","28,801.00","28,810.20","27,373.68","1,009,058","29,559,132,500"
2007-03-09,"29,161","29,901","28,884","29,254","28,625.40","28,752.45","27,403.33","1,101,494","32,347,280,850"
2007-03-08,"28,468","29,254","28,330","28,977","28,431.20","28,673.90","27,424.90","902,716","26,126,109,050"
2007-03-07,"28,653","28,884","27,914","28,468","28,357.20","28,597.60","27,447.23","1,433,039","40,715,594,200"
2007-03-06,"28,191","29,254","28,145","28,422","28,606.80","28,463.60","27,479.20","1,909,527","54,760,619,750"
2007-03-05,"27,821","28,561","27,775","28,006","28,893.40","28,306.45","27,511.93","1,058,004","29,850,270,400"
2007-03-02,"28,145","28,699","27,821","28,283","29,355.60","28,137.75","27,555.84","1,526,377","43,168,160,450"
2007-02-28,"28,514","28,746","27,821","28,607","29,577.60","27,936.75","27,605.14","1,697,236","48,330,975,300"
2007-02-27,"29,670","30,594","29,577","29,716","29,679.20","27,765.75","27,657.90","1,323,794","39,694,298,750"
2007-02-26,"30,271","30,502","29,716","29,855","29,457.40","27,569.35","27,704.88","1,021,475","30,756,633,700"
2007-02-23,"29,670","30,733","29,531","30,317","29,106.00","27,361.35","27,752.63","1,860,193","56,195,612,700"
2007-02-22,"29,393","29,716","29,208","29,393","28,662.20","27,178.80","27,789.99","1,002,744","29,602,300,300"
2007-02-21,"28,561","29,393","28,330","29,115","28,384.80","27,010.10","27,831.97","1,008,459","29,253,539,300"
2007-02-20,"28,098","28,607","27,590","28,607","28,338.60","26,825.25","27,871.63","665,259","18,611,309,400"
2007-02-16,"28,422","28,468","27,775","28,098","28,394.00","26,658.85","27,912.46","650,089","18,266,484,600"
2007-02-15,"28,468","28,930","27,867","28,098","28,440.40","26,506.35","27,957.53","1,088,772","30,803,268,650"
2007-02-14,"29,485","29,670","27,960","28,006","28,366.60","26,372.35","28,009.91","1,736,544","49,873,579,800"
2007-02-13,"28,838","29,254","28,283","28,884","28,302.00","26,266.05","28,060.75","912,267","26,377,270,250"
2007-02-12,"28,191","29,208","28,006","28,884","28,015.40","26,171.30","28,105.04","1,487,447","43,018,955,800"
2007-02-09,"27,636","29,208","27,498","28,330","27,396.20","26,062.70","28,155.11","1,701,622","48,443,066,200"
2007-02-08,"27,544","27,914","27,451","27,729","26,786.00","25,979.50","28,209.79","629,879","17,443,714,350"
2007-02-07,"27,544","27,960","27,220","27,683","26,166.60","25,898.60","28,264.87","978,994","27,019,201,850"
2007-02-06,"26,065","28,098","25,973","27,451","25,482.60","25,820.00","28,311.47","3,540,927","97,004,699,200"
2007-02-05,"25,002","26,111","24,956","25,788","25,029.80","25,759.95","28,357.30","955,663","24,665,558,200"
2007-02-02,"24,771","25,279","24,771","25,279","25,029.80","25,783.05","28,419.69","546,731","13,709,569,800"
2007-02-01,"24,216","24,679","24,032","24,632","25,113.00","25,836.20","28,480.54","1,201,046","29,420,510,800"
2007-01-31,"24,956","25,048","24,032","24,263","25,519.80","25,970.25","28,543.71","1,479,525","36,009,453,750"
2007-01-30,"26,065","26,065","24,679","25,187","25,871.00","26,097.30","28,606.48","1,001,731","25,072,992,750"
2007-01-29,"25,418","25,834","25,002","25,788","25,917.20","26,189.75","28,670.03","628,127","15,911,974,900"
2007-01-26,"26,250","26,435","25,326","25,695","25,815.40","26,187.45","28,722.78","739,749","19,063,708,600"
2007-01-25,"26,851","27,128","26,527","26,666","25,686.00","26,201.35","28,771.70","629,088","16,824,008,000"
2007-01-24,"25,695","26,250","25,649","26,019","25,436.40","26,150.50","28,813.29","335,030","8,723,727,300"
2007-01-23,"24,910","25,695","24,817","25,418","25,408.60","26,111.20","28,855.65","238,679","6,074,400,500"
2007-01-22,"24,771","25,649","24,771","25,279","25,722.80","26,101.95","28,899.17","371,649","9,431,740,900"
2007-01-19,"25,048","25,233","24,494","25,048","26,009.40","26,122.75","28,938.45","790,562","19,592,510,400"
2007-01-18,"25,973","26,065","25,233","25,418","26,333.00","26,159.75","28,981.58","526,241","13,413,797,000"
2007-01-17,"26,389","26,712","25,510","25,880","26,471.60","26,125.10","29,025.49","995,682","26,053,894,350"
2007-01-16,"26,481","27,174","26,250","26,989","26,517.80","26,065.05","29,058.62","590,013","15,831,662,000"
2007-01-15,"26,620","27,036","26,296","26,712","26,370.00","25,942.60","29,088.66","390,309","10,405,409,700"
2007-01-12,"26,250","26,758","26,250","26,666","26,277.60","25,787.80","29,125.63","596,060","15,768,886,450"
2007-01-11,"26,065","26,342","25,880","26,111","26,212.80","25,649.15","29,149.89","339,430","8,871,322,250"
2007-01-10,"26,250","26,527","25,834","26,111","26,453.20","25,591.40","29,177.24","542,163","14,133,191,150"
2007-01-09,"26,250","26,666","25,834","26,250","26,591.80","25,547.50","29,198.04","1,062,855","27,920,150,800"
2007-01-08,"26,065","26,666","25,973","26,250","26,749.00","25,531.30","29,221.92","766,304","20,106,394,300"
2007-01-05,"27,313","27,683","26,342","26,342","26,647.40","25,508.20","29,251.96","1,165,403","31,155,949,000"
2007-01-04,"27,267","27,867","27,128","27,313","26,573.60","25,482.80","29,277.38","1,658,560","45,707,604,600"
2007-01-03,"27,036","27,498","26,481","26,804","26,240.80","25,418.10","29,288.55","1,172,954","31,850,231,400"
2007-01-02,"26,065","27,036","26,065","27,036","25,926.60","25,413.50","29,308.97","1,064,025","28,372,514,050"
2006-12-28,"26,065","26,389","25,742","25,742","25,566.00","25,401.90","29,327.07","503,162","13,100,790,100"
2006-12-27,"25,649","26,296","25,649","25,973","25,556.60","25,441.15","29,364.42","998,759","26,032,646,600"
2006-12-26,"25,233","26,065","25,233","25,649","25,519.60","25,450.35","29,402.16","1,284,792","33,117,049,250"
2006-12-22,"25,187","25,418","24,863","25,233","25,334.80","25,489.65","29,455.31","671,618","16,954,907,200"
2006-12-21,"25,510","25,695","25,141","25,233","25,224.00","25,565.90","29,516.93","496,306","12,567,914,800"
2006-12-20,"25,649","26,019","25,464","25,695","25,085.40","25,639.85","29,567.78","883,898","22,783,594,200"
2006-12-19,"24,725","25,788","24,725","25,788","24,669.60","25,741.55","29,607.83","1,761,816","44,789,970,800"
2006-12-18,"24,540","24,863","24,494","24,725","24,290.60","25,864.00","29,654.82","1,004,406","24,790,432,000"
2006-12-15,"24,679","25,002","24,216","24,679","24,336.80","26,058.10","29,698.33","1,420,290","34,931,161,400"
2006-12-14,"24,032","24,540","23,662","24,540","24,447.60","26,238.30","29,726.44","2,495,616","60,260,183,550"
2006-12-13,"23,662","24,032","23,200","23,616","24,724.80","26,450.90","29,751.86","1,803,721","42,531,364,850"
2006-12-12,"24,494","24,494","23,061","23,893","25,159.20","26,748.95","29,774.58","3,100,498","73,336,230,550"
2006-12-11,"25,233","25,372","24,725","24,956","25,547.40","26,977.70","29,793.44","1,134,223","28,374,623,900"
2006-12-08,"25,788","25,788","24,956","25,233","25,760.00","27,118.65","29,811.93","1,267,709","32,050,671,650"
2006-12-07,"25,973","26,296","25,742","25,926","26,055.80","27,252.70","29,841.20","827,721","21,543,574,850"
2006-12-06,"26,065","26,250","25,603","25,788","26,231.40","27,363.65","29,850.06","1,348,551","34,882,286,200"
2006-12-05,"26,342","26,481","25,742","25,834","26,379.20","27,474.55","29,860.07","1,304,728","33,967,802,400"
2006-12-04,"26,435","26,481","25,834","26,019","26,443.80","27,597.00","29,865.84","1,703,082","44,474,807,100"
2006-12-01,"27,036","27,267","26,666","26,712","26,527.00","27,659.40","29,903.20","779,488","21,047,238,700"
2006-11-30,"26,712","27,174","26,666","26,804","26,536.20","27,707.95","29,934.78","948,683","25,523,154,350"
2006-11-29,"26,157","26,804","26,157","26,527","26,517.80","27,775.00","29,957.89","1,084,893","28,866,826,600"
2006-11-28,"25,926","26,342","25,880","26,157","26,758.20","27,848.95","30,003.34","1,387,463","36,282,998,800"
2006-11-27,"26,573","26,851","26,389","26,435","27,174.20","27,927.55","30,061.50","1,595,764","42,350,132,750"
2006-11-24,"26,666","26,943","26,527","26,758","27,608.60","27,934.45","30,118.50","1,037,107","27,722,278,400"
2006-11-23,"27,729","27,867","26,712","26,712","27,913.60","27,916.00","30,172.42","2,338,433","63,075,251,150"
2006-11-22,"28,376","28,514","27,636","27,729","28,329.60","27,879.05","30,221.72","1,530,915","42,633,657,550"
2006-11-21,"28,376","28,607","28,145","28,237","28,699.20","27,800.45","30,271.78","975,812","27,649,277,700"
2006-11-20,"28,237","28,746","27,914","28,607","28,745.40","27,696.45","30,320.31","1,218,239","34,758,583,000"
2006-11-17,"28,746","28,746","28,283","28,283","28,579.00","27,594.75","30,366.91","1,152,402","32,749,046,850"
2006-11-16,"30,040","30,317","28,699","28,792","28,505.20","27,541.60","30,425.45","2,055,851","60,475,050,100"
2006-11-15,"29,023","29,808","29,023","29,577","28,375.80","27,433.00","30,485.53","2,792,723","82,530,145,800"
2006-11-14,"28,006","28,607","28,006","28,468","28,061.60","27,312.85","30,545.61","1,155,423","32,833,019,850"
2006-11-13,"27,914","28,283","27,683","27,775","28,024.60","27,262.00","30,620.33","706,495","19,721,683,500"
2006-11-10,"27,867","28,468","27,544","27,914","27,923.00","27,250.45","30,695.43","976,573","27,450,974,900"
2006-11-09,"28,191","28,561","27,729","28,145","27,876.80","27,185.75","30,777.84","1,746,322","49,109,160,900"
2006-11-08,"28,468","28,930","28,006","28,006","27,876.80","27,111.80","30,844.47","1,121,491","31,841,191,600"
2006-11-07,"27,498","28,376","26,989","28,283","27,876.80","27,037.85","30,913.79","1,618,922","45,068,264,450"
2006-11-06,"27,405","27,451","26,712","27,267","27,766.00","27,028.60","30,988.13","868,711","23,489,248,500"
2006-11-03,"28,098","28,098","27,636","27,683","27,627.20","27,097.90","31,070.93","856,380","23,813,440,000"
2006-11-02,"27,914","28,191","27,590","28,145","27,368.40","27,160.25","31,150.26","1,049,743","29,351,056,900"
2006-11-01,"27,914","28,514","27,914","28,006","26,934.00","27,227.25","31,229.98","1,582,705","44,828,601,200"
2006-10-31,"26,712","27,960","26,527","27,729","26,564.20","27,278.10","31,301.99","2,266,147","62,488,244,050"
2006-10-30,"26,342","26,851","26,250","26,573","26,249.80","27,303.50","31,373.24","1,004,706","26,708,475,050"
2006-10-27,"26,204","26,620","26,111","26,389","26,249.80","27,361.30","31,447.19","1,000,058","26,405,327,800"
2006-10-26,"26,435","26,573","25,973","25,973","26,416.00","27,444.45","31,532.30","1,124,714","29,531,931,600"
2006-10-25,"26,065","26,620","26,065","26,157","26,545.40","27,624.65","31,621.65","992,578","26,120,861,450"
2006-10-24,"26,758","26,851","26,019","26,157","26,748.80","27,800.30","31,712.93","1,374,453","36,219,194,500"
2006-10-23,"27,128","27,128","26,573","26,573","27,007.60","28,047.55","31,806.14","1,066,302","28,477,727,250"
2006-10-20,"26,804","27,498","26,758","27,220","27,201.80","28,280.95","31,897.42","1,004,439","27,316,505,100"
2006-10-19,"27,082","27,267","26,481","26,620","27,081.80","28,544.40","31,983.30","920,237","24,560,610,400"
2006-10-18,"27,267","27,267","26,666","27,174","27,091.00","28,900.25","32,086.90","689,708","18,579,363,000"
2006-10-17,"27,867","27,914","26,897","27,451","26,961.60","29,239.95","32,182.42","872,368","23,820,947,560"
2006-10-16,"26,758","27,544","26,620","27,544","27,091.00","29,563.50","32,273.31","1,806,936","49,175,746,300"
2006-10-13,"27,082","27,313","26,573","26,620","27,312.80","29,808.45","32,357.27","1,521,031","40,795,469,950"
2006-10-12,"26,527","27,174","26,527","26,666","27,774.80","30,069.55","32,452.39","1,634,605","43,868,004,900"
2006-10-11,"26,296","27,082","26,250","26,527","28,338.60","30,319.10","32,552.91","2,993,926","79,136,794,250"
2006-10-10,"28,561","28,792","27,960","28,098","28,837.80","30,607.95","32,649.19","1,554,703","43,849,223,250"
2006-10-09,"29,208","29,485","27,729","28,653","28,865.60","30,820.55","32,729.30","2,967,748","84,632,322,950"
2006-10-04,"29,300","29,485","28,653","28,930","28,680.80","31,051.65","32,806.71","1,650,714","47,890,447,900"
2006-10-02,"28,930","29,670","28,746","29,485","28,505.20","31,315.10","32,889.13","1,531,559","44,970,947,100"
2006-09-29,"28,699","29,716","28,699","29,023","28,523.60","31,587.75","32,968.07","2,797,177","81,763,863,800"
2006-09-28,"27,775","28,376","27,683","28,237","28,653.00","31,904.30","33,064.36","2,223,343","62,533,488,600"
2006-09-27,"28,052","28,561","27,636","27,729","29,226.00","32,271.70","33,170.27","1,994,137","55,733,764,250"
2006-09-26,"29,439","29,624","27,867","28,052","29,928.40","32,625.25","33,275.41","2,378,179","67,516,851,550"
2006-09-25,"28,977","29,670","28,977","29,577","30,815.80","32,944.15","33,381.32","1,349,504","39,553,924,600"
2006-09-22,"30,502","30,502","29,161","29,670","31,647.80","33,159.05","33,472.22","2,662,684","79,036,301,750"
2006-09-21,"31,518","31,796","30,640","31,102","32,507.40","33,350.85","33,559.26","1,483,873","46,265,333,250"
2006-09-20,"31,703","31,981","30,455","31,241","33,071.40","33,471.05","33,640.53","3,543,464","110,322,216,800"
2006-09-19,"33,691","33,875","32,489","32,489","33,311.80","33,628.20","33,723.72","2,116,150","69,285,481,000"
2006-09-18,"34,014","34,153","33,459","33,737","33,182.40","33,709.10","33,793.04","1,173,615","39,766,996,000"
2006-09-15,"33,922","34,199","33,321","33,968","32,766.40","33,732.20","33,850.81","699,967","23,650,316,700"
2006-09-14,"32,628","33,922","32,489","33,922","32,433.60","33,778.40","33,900.88","1,692,387","56,771,288,100"
2006-09-13,"32,443","32,766","32,165","32,443","32,119.20","33,826.90","33,945.16","1,003,655","32,616,222,650"
2006-09-12,"31,796","32,258","31,611","31,842","32,285.60","33,921.65","34,002.16","594,699","19,004,648,400"
2006-09-11,"32,535","32,812","31,565","31,657","32,757.00","33,993.30","34,062.24","1,135,362","36,627,366,000"
2006-09-08,"32,027","32,581","31,888","32,304","33,413.20","34,058.00","34,128.10","1,218,307","39,350,803,850"
2006-09-07,"32,766","32,766","32,304","32,350","34,023.20","34,106.55","34,187.79","1,346,997","43,772,345,500"
2006-09-06,"34,153","34,153","33,182","33,275","34,670.20","34,118.10","34,247.88","1,458,551","48,741,283,500"
2006-09-05,"35,123","35,123","33,968","34,199","34,975.20","34,064.95","34,298.32","1,343,130","46,011,159,500"
2006-09-04,"35,585","35,909","34,522","34,938","35,021.40","33,944.80","34,350.32","918,007","32,362,584,400"
2006-09-01,"35,401","35,493","34,892","35,354","34,808.80","33,838.50","34,395.38","564,528","19,848,708,750"
2006-08-31,"34,938","36,186","34,846","35,585","34,439.20","33,676.75","34,439.68","986,131","35,168,509,000"
2006-08-30,"34,430","35,262","34,291","34,800","34,023.40","33,475.75","34,481.66","609,706","21,301,290,050"
2006-08-29,"34,060","34,661","34,014","34,430","33,940.20","33,318.60","34,538.27","590,615","20,361,049,800"
2006-08-28,"33,552","33,968","33,321","33,875","33,875.60","33,152.20","34,604.13","374,864","12,647,945,650"
2006-08-25,"33,459","34,199","33,044","33,506","33,940.40","32,990.45","34,668.44","813,021","27,334,386,250"
2006-08-24,"34,199","34,199","33,044","33,506","34,217.60","32,814.80","34,742.00","1,402,935","46,806,484,000"
2006-08-23,"34,107","35,262","33,922","34,384","34,494.80","32,650.70","34,801.69","672,737","23,257,279,900"
2006-08-22,"33,829","34,569","33,829","34,107","34,485.60","32,465.85","34,855.23","532,609","18,232,651,500"
2006-08-21,"34,892","34,985","33,922","34,199","34,319.20","32,253.25","34,916.46","910,452","31,121,581,500"
2006-08-18,"35,123","36,048","34,892","34,892","34,069.60","32,073.00","34,976.93","1,321,017","46,890,298,200"
2006-08-17,"34,338","35,447","34,199","34,892","33,746.20","31,885.85","35,033.54","1,597,002","55,698,429,500"
2006-08-16,"33,783","34,476","33,644","34,338","33,284.00","31,620.10","35,097.09","1,079,168","36,693,344,750"
2006-08-14,"33,275","33,459","32,766","33,275","32,858.80","31,372.85","35,166.80","418,181","13,871,253,750"
2006-08-11,"33,275","33,737","32,766","32,951","32,563.00","31,139.45","35,247.68","1,184,881","39,368,276,800"
2006-08-10,"32,165","33,459","32,119","33,275","32,535.20","30,947.65","35,332.02","1,250,251","41,401,339,650"
2006-08-09,"31,934","33,228","31,518","32,581","32,304.00","30,776.65","35,407.88","894,649","29,147,885,100"
2006-08-08,"31,518","32,350","31,518","32,212","32,100.80","30,617.25","35,486.84","592,744","19,022,547,650"
2006-08-07,"32,812","32,812","31,703","31,796","31,989.80","30,439.30","35,570.41","916,014","29,355,737,800"
2006-08-04,"32,812","33,182","32,628","32,812","31,851.00","30,312.20","35,657.83","737,161","24,280,108,500"
2006-08-03,"31,703","32,951","31,703","32,119","31,416.60","30,132.00","35,734.09","1,055,649","34,123,268,000"
2006-08-02,"31,149","32,027","30,825","31,565","30,991.40","30,037.25","35,809.19","703,435","22,111,728,400"
2006-08-01,"31,426","32,073","31,195","31,657","30,723.20","29,984.10","35,881.21","959,171","30,438,805,450"
2006-07-31,"31,334","31,518","31,056","31,102","30,529.20","30,002.60","35,949.76","576,258","18,040,014,200"
2006-07-28,"30,086","31,149","30,040","30,640","30,279.80","30,078.90","36,022.17","1,157,962","35,511,238,190"
2006-07-27,"30,317","30,317","29,531","29,993","30,270.60","30,113.60","36,102.66","1,461,916","43,645,389,575"
2006-07-26,"30,687","31,010","29,947","30,224","30,501.80","30,139.05","36,189.32","1,162,897","35,210,769,950"
2006-07-25,"30,871","31,287","30,086","30,687","30,372.40","30,199.15","36,275.98","1,254,869","38,679,938,170"
2006-07-24,"30,224","30,224","29,393","29,855","30,113.60","30,162.15","36,358.78","752,015","22,403,222,000"
2006-07-21,"30,409","30,825","30,086","30,594","29,864.00","30,072.00","36,437.34","1,603,084","48,961,408,900"
2006-07-20,"30,964","31,703","30,733","31,149","29,568.20","29,921.80","36,512.82","1,778,109","55,544,246,000"
2006-07-19,"29,300","29,947","29,208","29,577","29,309.40","29,681.45","36,576.75","1,835,656","54,429,170,100"
2006-07-18,"28,561","29,716","28,468","29,393","29,272.60","29,510.45","36,643.77","788,919","23,083,346,800"
2006-07-14,"28,468","29,439","28,468","28,607","29,124.60","29,399.50","36,711.93","890,511","25,742,797,900"
2006-07-13,"29,393","29,485","28,514","29,115","29,254.00","29,406.45","36,786.26","976,450","28,198,907,500"
2006-07-12,"28,746","30,871","28,699","29,855","29,272.60","29,300.15","36,859.43","1,492,948","44,760,856,450"
2006-07-11,"28,561","29,716","28,561","29,393","29,346.40","29,156.85","36,931.07","987,354","29,044,785,000"
2006-07-10,"28,838","29,023","28,145","28,653","29,568.20","29,013.55","37,008.09","1,597,156","45,622,231,600"
2006-07-07,"29,716","30,040","29,208","29,254","30,243.00","29,106.00","37,079.34","821,450","24,289,634,350"
2006-07-06,"29,670","29,855","29,023","29,208","30,917.80","29,168.40","37,158.29","1,098,419","32,226,148,900"
2006-07-05,"29,577","30,687","29,485","30,224","31,343.00","29,186.85","37,236.08","1,022,985","30,790,379,000"
2006-07-04,"32,073","32,119","30,502","30,502","31,398.60","29,274.70","37,300.79","861,167","26,663,389,500"
2006-07-03,"32,350","32,397","31,426","32,027","31,583.40","29,406.40","37,367.03","1,093,827","34,964,677,200"
2006-06-30,"32,443","33,090","32,027","32,628","31,167.40","29,468.80","37,416.32","1,772,534","57,877,879,500"
2006-06-29,"31,241","31,703","30,964","31,334","30,252.20","29,498.80","37,464.47","1,068,865","33,500,100,800"
2006-06-28,"30,502","30,871","29,993","30,502","29,503.40","29,563.50","37,531.09","1,234,226","37,685,651,500"
2006-06-27,"30,363","32,027","30,317","31,426","28,671.40","29,725.25","37,610.43","2,354,016","73,854,147,200"
2006-06-26,"27,960","30,178","27,174","29,947","27,617.60","29,856.95","37,685.14","1,575,857","46,431,242,100"
2006-06-23,"27,451","28,052","27,220","28,052","27,063.00","30,069.55","37,766.41","647,508","17,864,150,470"
2006-06-22,"27,082","27,590","27,082","27,590","27,201.80","30,432.35","37,863.47","1,309,478","35,798,286,050"
2006-06-21,"26,157","26,573","25,557","26,342","27,081.60","30,852.90","37,963.60","816,822","21,273,852,450"
2006-06-20,"26,804","27,082","25,788","26,157","27,211.00","31,375.15","38,074.52","1,303,315","34,332,924,700"
2006-06-19,"28,283","28,330","27,036","27,174","27,285.00","31,939.00","38,179.66","792,323","21,798,825,850"
2006-06-16,"27,821","29,023","27,729","28,746","27,950.60","32,419.65","38,275.56","1,103,081","31,445,446,300"
2006-06-15,"27,405","28,006","26,989","26,989","28,301.80","32,872.55","38,358.74","1,305,432","35,860,868,750"
2006-06-14,"26,527","27,405","26,342","26,989","28,819.40","33,330.10","38,454.26","1,599,653","43,160,011,300"
2006-06-13,"27,220","28,699","25,973","26,527","29,817.80","33,796.90","38,549.78","4,570,440","124,431,298,550"
2006-06-12,"30,224","30,640","30,040","30,502","31,139.60","34,330.70","38,649.91","755,618","22,947,671,650"
2006-06-09,"30,086","30,687","29,208","30,502","31,694.20","34,665.75","38,717.69","1,323,852","39,638,319,500"
2006-06-08,"31,334","31,426","29,577","29,577","32,239.40","35,000.80","38,802.03","1,413,150","42,882,483,500"
2006-06-07,"32,535","32,628","31,565","31,981","32,849.60","35,407.50","38,896.78","1,241,657","39,776,124,500"
2006-06-05,"33,275","33,413","32,720","33,136","33,200.80","35,640.85","38,969.56","371,361","12,230,677,750"
2006-06-02,"33,275","33,459","32,581","33,275","33,385.60","35,798.00","39,030.79","1,080,504","35,630,792,900"
2006-06-01,"33,044","33,968","32,628","33,228","33,570.40","35,906.60","39,094.33","1,040,433","34,554,930,450"
2006-05-30,"33,321","33,691","32,628","32,628","33,986.40","36,075.30","39,159.04","885,442","29,467,132,000"
2006-05-29,"34,291","34,569","33,182","33,737","34,661.00","36,278.65","39,235.68","1,093,675","36,947,708,500"
2006-05-26,"34,846","35,031","33,506","34,060","35,271.00","36,447.35","39,312.70","912,161","31,178,809,650"
2006-05-25,"35,123","35,169","34,107","34,199","35,945.80","36,611.45","39,389.34","704,879","24,271,615,400"
2006-05-24,"35,585","35,770","35,123","35,308","36,463.40","36,777.80","39,463.28","1,225,407","43,293,595,250"
2006-05-23,"35,447","36,001","35,123","36,001","36,962.60","36,888.70","39,518.36","1,457,535","52,033,604,050"
2006-05-22,"36,972","37,434","36,325","36,787","36,990.40","37,041.25","39,563.03","515,202","18,903,914,800"
2006-05-19,"37,157","37,573","36,510","37,434","36,898.00","37,133.70","39,601.16","927,647","34,488,590,950"
2006-05-18,"36,510","37,249","36,510","36,787","36,851.80","37,179.90","39,618.10","1,405,555","51,818,246,400"
2006-05-17,"36,741","38,266","36,463","37,804","36,935.00","37,221.50","39,630.81","1,973,784","74,391,235,800"
2006-05-16,"36,325","36,695","35,955","36,140","36,814.80","37,233.05","39,636.97","670,659","24,268,982,200"
2006-05-15,"36,972","36,972","35,770","36,325","37,129.00","37,362.45","39,656.23","989,380","35,861,808,400"
2006-05-12,"36,972","37,758","36,833","37,203","37,193.60","37,450.25","39,676.25","1,225,645","45,626,690,250"
2006-05-11,"37,526","37,526","36,695","37,203","37,008.80","37,475.65","39,688.96","1,182,552","43,811,004,200"
2006-05-10,"37,711","37,850","36,879","37,203","36,657.60","37,512.60","39,704.37","587,159","21,911,565,500"
2006-05-09,"37,018","38,127","36,972","37,711","36,537.40","37,593.45","39,720.16","1,847,083","69,684,010,300"
2006-05-08,"36,972","37,018","36,556","36,648","36,334.20","37,655.85","39,732.10","858,758","31,637,491,250"
2006-05-04,"35,401","36,556","35,262","36,279","36,426.80","37,852.30","39,753.28","1,356,585","48,648,862,600"
2006-05-03,"36,602","36,833","35,447","35,447","36,639.40","38,085.65","39,780.63","1,623,446","58,278,050,700"
2006-05-02,"36,417","36,879","36,001","36,602","37,055.20","38,330.60","39,813.36","683,887","24,879,127,650"
2006-04-28,"37,064","37,111","36,463","36,695","37,240.00","38,538.60","39,836.47","959,877","35,208,764,350"
2006-04-27,"36,972","37,295","36,972","37,111","37,711.40","38,728.05","39,854.57","1,264,585","46,939,793,900"
2006-04-26,"37,157","37,342","36,879","37,342","38,016.40","38,878.25","39,868.81","1,142,805","42,456,074,700"
2006-04-25,"37,526","37,758","37,203","37,526","38,219.60","39,053.85","39,881.13","1,098,263","41,171,894,500"
2006-04-24,"38,959","38,959","37,388","37,526","38,238.20","39,238.75","39,881.13","1,755,151","66,304,344,950"
2006-04-21,"38,820","39,976","38,774","39,052","38,340.00","39,402.85","39,873.81","1,332,880","52,354,638,700"
2006-04-20,"38,173","38,682","37,711","38,636","38,275.20","39,483.70","39,850.70","755,917","28,868,699,300"
2006-04-19,"38,081","38,820","38,081","38,358","38,164.20","39,550.70","39,826.05","1,121,369","43,105,008,450"
2006-04-18,"37,942","37,942","37,388","37,619","38,034.80","39,594.60","39,794.48","1,231,409","46,308,686,750"
2006-04-17,"38,543","38,728","37,804","38,035","38,099.40","39,677.80","39,777.53","1,015,192","38,588,597,400"
2006-04-14,"37,850","38,959","37,850","38,728","38,256.40","39,728.65","39,764.82","1,299,882","50,103,111,470"
2006-04-13,"37,573","38,589","37,573","38,081","38,302.60","39,770.25","39,750.95","1,089,004","41,559,434,500"
2006-04-12,"37,111","37,850","37,018","37,711","38,801.80","39,839.55","39,740.55","1,260,036","47,165,635,150"
2006-04-11,"38,405","38,497","37,804","37,942","39,448.80","39,932.00","39,734.39","1,647,816","62,633,794,600"
2006-04-10,"38,774","38,820","37,758","38,820","39,929.60","40,001.35","39,714.37","1,694,899","64,958,649,250"
2006-04-07,"40,022","40,022","38,820","38,959","40,318.00","40,082.25","39,687.41","1,716,894","67,209,849,000"
2006-04-06,"41,409","41,409","40,115","40,577","40,623.00","40,151.60","39,665.84","1,313,998","53,044,187,510"
2006-04-05,"40,577","41,131","40,484","40,946","40,530.60","40,156.20","39,639.27","961,074","39,269,990,500"
2006-04-04,"40,900","41,131","40,115","40,346","40,512.20","40,140.05","39,613.08","952,994","38,645,028,300"
2006-04-03,"40,484","41,177","40,438","40,762","40,687.80","40,202.40","39,590.36","571,096","23,311,891,000"
2006-03-31,"40,392","40,715","39,976","40,484","40,697.00","40,280.95","39,569.94","897,033","36,196,781,300"
2006-03-30,"40,669","40,946","40,022","40,115","40,734.00","40,336.40","39,578.80","697,988","28,144,037,800"
2006-03-29,"41,039","41,039","40,253","40,854","40,706.20","40,447.30","39,592.28","363,693","14,840,223,500"
2006-03-28,"41,039","41,455","40,808","41,224","40,382.60","40,438.05","39,592.66","490,995","20,212,080,200"
2006-03-27,"40,484","41,131","40,484","40,808","39,994.40","40,417.25","39,586.49","395,510","16,150,573,800"
2006-03-24,"39,976","40,669","39,976","40,669","39,643.20","40,449.60","39,583.79","557,700","22,541,216,730"
2006-03-23,"39,745","40,299","39,283","39,976","39,421.40","40,488.90","39,576.86","789,131","31,543,404,250"
2006-03-22,"39,606","40,207","39,144","39,236","39,319.60","40,574.40","39,575.70","1,014,402","40,067,597,700"
2006-03-21,"39,098","39,930","38,867","39,283","39,384.40","40,738.50","39,582.25","660,634","26,003,253,500"
2006-03-20,"39,236","39,652","39,052","39,052","39,393.60","40,909.50","39,588.79","526,566","20,736,843,500"
2006-03-17,"39,005","39,791","38,728","39,560","39,670.80","41,105.90","39,589.56","624,435","24,514,952,600"
2006-03-16,"39,560","39,791","39,098","39,467","39,828.00","41,281.50","39,585.32","461,987","18,229,087,350"
2006-03-15,"39,283","39,791","39,098","39,560","40,068.40","41,427.10","39,576.48","537,351","21,257,807,700"
2006-03-14,"40,161","40,207","39,052","39,329","40,281.00","41,551.90","39,576.86","878,246","34,759,646,750"
2006-03-13,"40,022","40,577","40,022","40,438","40,733.80","41,697.45","39,584.56","602,269","24,284,593,850"
2006-03-10,"40,161","40,392","39,745","40,346","41,112.80","41,789.90","39,581.09","1,431,747","57,383,854,050"
2006-03-09,"40,438","41,039","39,930","40,669","41,362.20","41,870.75","39,576.85","1,330,734","53,991,239,500"
2006-03-08,"39,745","40,623","39,745","40,623","41,695.00","41,893.85","39,578.01","1,830,475","73,783,243,250"
2006-03-07,"41,177","42,056","41,131","41,593","41,704.20","41,873.05","39,597.65","1,391,077","57,697,698,800"
2006-03-06,"41,316","42,749","40,993","42,333","41,547.20","41,787.55","39,614.60","924,675","39,043,828,800"
2006-03-03,"42,610","42,610","41,409","41,593","41,371.60","41,660.45","39,635.39","1,380,114","57,525,796,000"
2006-03-02,"40,993","42,980","40,993","42,333","41,344.00","41,595.75","39,666.98","1,713,749","72,225,517,200"
2006-02-28,"41,085","41,501","40,438","40,669","41,214.60","41,498.70","39,693.93","600,025","24,515,085,950"
2006-02-27,"41,085","41,501","40,484","40,808","41,584.40","41,496.40","39,737.84","825,665","33,721,784,800"
2006-02-24,"41,547","41,640","40,669","41,455","41,963.40","41,487.15","39,772.12","823,238","33,891,479,850"
2006-02-23,"40,993","42,009","40,993","41,455","42,268.40","41,378.55","39,801.00","1,149,412","47,737,982,000"
2006-02-22,"41,824","42,518","41,316","41,686","42,591.80","41,288.40","39,829.88","1,201,861","50,182,610,100"
2006-02-21,"42,703","42,887","42,102","42,518","42,730.40","41,145.10","39,850.68","948,826","40,303,942,500"
2006-02-20,"42,980","43,766","42,610","42,703","42,638.00","40,900.15","39,861.46","1,073,104","46,238,355,250"
2006-02-17,"43,581","43,904","42,795","42,980","42,545.40","40,643.65","39,866.07","783,411","33,932,741,500"
2006-02-16,"43,119","43,257","42,841","43,072","42,406.80","40,370.95","39,864.53","1,859,240","80,021,125,900"
2006-02-15,"42,287","42,795","42,102","42,379","42,185.00","40,112.15","39,870.32","1,911,664","81,151,175,650"
2006-02-14,"41,593","42,056","41,547","42,056","41,935.40","39,915.75","39,886.88","618,917","25,877,409,500"
2006-02-13,"41,640","42,240","41,640","42,240","41,565.60","39,744.75","39,906.13","1,066,569","44,667,772,720"
2006-02-10,"41,778","42,703","41,778","42,287","41,094.20","39,492.90","39,926.54","1,404,332","59,413,851,750"
2006-02-09,"42,102","42,518","41,778","41,963","40,595.00","39,314.95","39,949.65","2,242,649","94,704,950,700"
2006-02-08,"40,854","41,963","40,669","41,131","40,262.20","39,143.95","39,972.38","3,778,409","156,143,257,000"
2006-02-07,"39,375","40,715","39,375","40,207","40,114.40","38,986.85","40,000.11","979,909","39,478,259,000"
2006-02-06,"39,329","40,022","38,820","39,883","40,197.60","38,899.05","40,047.87","796,845","31,322,670,650"
2006-02-03,"39,283","39,791","39,005","39,791","40,345.60","38,802.00","40,102.94","949,343","37,415,939,710"
2006-02-02,"40,577","40,808","39,375","40,299","40,244.00","38,732.70","40,161.10","813,157","32,605,212,900"
2006-02-01,"40,207","40,530","39,837","40,392","40,114.60","38,684.20","40,201.93","830,093","33,286,017,600"
2006-01-31,"41,131","41,409","40,484","40,623","39,800.20","38,665.70","40,242.75","1,127,641","46,102,420,550"
2006-01-27,"39,837","40,993","39,837","40,623","39,199.40","38,654.15","40,280.88","1,993,508","80,967,690,100"
2006-01-26,"39,005","39,745","38,913","39,283","38,589.40","38,607.95","40,315.15","896,073","35,315,857,500"
2006-01-25,"39,005","40,207","38,543","39,652","38,238.00","38,628.75","40,369.45","2,491,115","98,393,413,900"
2006-01-24,"38,543","39,283","37,989","38,820","37,886.80","38,626.45","40,430.30","1,536,503","59,630,622,000"
2006-01-23,"36,972","37,989","36,926","37,619","37,813.00","38,668.05","40,488.07","1,159,759","43,537,961,200"
2006-01-20,"38,358","39,236","37,573","37,573","38,016.40","38,725.80","40,552.01","1,557,086","59,818,923,250"
2006-01-19,"37,804","38,451","37,526","37,526","37,942.40","38,781.25","40,604.00","1,087,500","41,419,738,100"
2006-01-18,"37,850","38,173","37,064","37,896","38,182.80","38,841.35","40,657.53","1,369,550","51,595,338,450"
2006-01-17,"38,173","39,236","37,989","38,451","38,312.20","38,869.10","40,702.98","1,637,511","63,367,595,350"
2006-01-16,"37,896","39,052","37,064","38,636","38,219.80","38,869.10","40,744.57","2,777,363","106,094,914,750"
2006-01-13,"36,001","37,203","35,585","37,203","38,182.80","38,864.45","40,788.09","4,536,771","166,016,535,750"
2006-01-12,"39,329","39,699","38,728","38,728","38,330.60","38,936.10","40,842.39","2,571,908","100,891,039,900"
2006-01-11,"37,989","38,774","37,758","38,543","38,266.00","39,030.85","40,883.98","1,319,431","50,557,952,900"
2006-01-10,"38,405","38,682","37,342","37,989","38,423.20","39,151.00","40,907.87","1,314,783","49,830,338,700"
2006-01-09,"38,543","39,098","38,451","38,451","38,829.80","39,287.30","40,936.37","1,622,321","62,909,884,500"
2006-01-06,"37,480","37,942","37,064","37,942","39,218.00","39,388.95","40,963.71","2,176,301","81,756,955,750"
2006-01-05,"38,820","39,052","37,804","38,405","39,569.40","39,536.85","41,006.07","2,209,465","84,636,817,830"
2006-01-04,"40,115","40,161","39,052","39,329","39,828.20","39,666.25","41,046.51","1,711,093","67,579,187,250"
2006-01-03,"40,854","41,039","39,375","40,022","39,883.60","39,791.00","41,074.63","977,722","39,173,709,500"
2006-01-02,"39,652","40,715","39,144","40,392","39,809.60","39,938.90","41,098.12","1,341,981","53,965,321,950"
2005-12-29,"39,791","40,207","39,606","39,699","39,486.00","40,082.15","41,123.53","1,353,707","54,112,003,800"
2005-12-28,"39,467","40,161","39,144","39,699","39,282.60","40,250.80","41,143.18","806,087","31,902,200,550"
2005-12-27,"39,606","39,837","39,144","39,606","39,088.40","40,361.70","41,166.67","1,262,214","49,768,685,700"
2005-12-26,"39,144","39,791","39,144","39,652","38,857.40","40,449.50","41,200.56","2,699,436","106,943,013,600"
2005-12-23,"38,774","39,005","38,543","38,774","38,617.20","40,535.00","41,232.53","2,016,602","78,305,941,800"
2005-12-22,"38,774","38,959","38,451","38,682","38,571.00","40,569.65","41,284.13","1,409,620","54,522,562,250"
2005-12-21,"38,266","38,728","38,173","38,728","38,561.80","40,551.15","41,341.13","1,341,679","51,728,510,750"
2005-12-20,"38,266","38,774","38,220","38,451","38,940.80","40,541.90","41,395.82","991,027","38,188,359,100"
2005-12-19,"38,543","38,636","38,035","38,451","39,439.80","40,541.90","41,445.89","1,466,257","56,167,685,550"
2005-12-16,"38,358","38,728","38,220","38,543","39,892.60","40,555.75","41,488.64","1,451,840","55,751,021,800"
2005-12-15,"38,820","38,913","37,989","38,636","40,280.80","40,565.00","41,528.70","24,054,372","931,225,072,200"
2005-12-14,"41,039","41,177","40,207","40,623","40,733.60","40,585.80","41,561.82","982,511","39,802,370,800"
2005-12-13,"40,854","41,501","40,715","40,946","40,807.60","40,509.55","41,583.00","610,550","25,006,481,700"
2005-12-12,"40,115","41,362","40,115","40,715","40,983.20","40,419.45","41,603.03","1,155,282","47,188,650,450"
2005-12-09,"40,762","41,686","40,484","40,484","41,436.20","40,343.20","41,632.69","828,940","34,086,249,900"
2005-12-08,"40,808","41,547","40,530","40,900","41,990.80","40,297.00","41,662.73","1,454,354","59,426,114,250"
2005-12-07,"40,946","41,085","40,253","40,993","42,425.20","40,220.75","41,699.32","2,103,073","85,741,185,600"
2005-12-06,"42,518","42,656","41,732","41,824","42,610.00","40,139.85","41,748.23","1,392,766","58,455,055,500"
2005-12-05,"43,442","43,627","42,425","42,980","42,517.60","39,992.00","41,784.44","758,942","32,474,832,500"
2005-12-02,"43,904","43,997","43,257","43,257","42,194.00","39,784.00","41,815.25","1,462,660","63,880,737,900"
2005-12-01,"42,148","43,442","42,056","43,072","41,436.00","39,562.15","41,836.82","1,716,698","73,732,613,300"
2005-11-30,"41,824","42,056","41,316","41,917","40,484.00","39,284.85","41,868.40","1,828,396","76,260,738,750"
2005-11-29,"41,593","41,917","41,177","41,362","39,809.20","39,021.40","41,915.00","1,671,087","69,359,989,600"
2005-11-28,"40,161","41,686","40,115","41,362","39,227.00","38,767.25","41,973.93","2,889,007","118,810,732,750"
2005-11-25,"38,451","40,022","38,266","39,467","38,700.20","38,483.05","42,032.85","1,701,269","67,005,033,500"
2005-11-24,"38,682","38,728","37,850","38,312","38,552.40","38,238.15","42,112.19","916,635","34,968,828,350"
2005-11-23,"38,358","38,728","38,220","38,543","38,700.40","38,101.80","42,190.38","892,393","34,326,681,800"
2005-11-22,"38,820","39,052","37,896","38,451","38,811.40","38,000.15","42,262.01","848,971","32,518,141,800"
2005-11-21,"39,005","39,144","38,312","38,728","38,950.00","37,930.80","42,338.26","551,786","21,391,666,900"
2005-11-18,"39,190","39,283","38,405","38,728","39,042.40","37,836.05","42,423.76","877,088","34,062,916,900"
2005-11-17,"38,589","39,052","38,497","39,052","39,208.80","37,748.25","42,513.11","563,082","21,834,081,500"
2005-11-16,"38,497","39,098","38,451","39,098","39,273.40","37,572.60","42,582.82","524,304","20,341,105,700"
2005-11-15,"39,652","39,652","38,451","39,144","39,328.80","37,396.95","42,647.52","484,723","18,903,965,400"
2005-11-14,"39,745","39,791","39,144","39,190","39,273.40","37,258.30","42,712.60","489,251","19,226,332,500"
2005-11-11,"39,606","39,837","39,329","39,560","39,199.40","37,168.20","42,774.99","625,585","24,777,986,800"
2005-11-10,"39,375","39,514","38,636","39,375","39,051.40","37,080.40","42,834.30","630,401","24,769,811,600"
2005-11-09,"38,358","39,514","38,173","39,375","38,681.60","36,992.60","42,899.00","1,066,301","41,641,442,250"
2005-11-08,"39,283","39,283","38,358","38,867","38,136.20","36,939.45","42,965.24","486,830","18,852,122,600"
2005-11-07,"39,606","39,606","38,589","38,820","37,618.60","37,073.45","43,024.17","857,506","33,427,911,000"
2005-11-04,"38,312","39,190","38,312","38,820","36,990.20","37,219.05","43,087.33","1,804,754","69,987,647,700"
2005-11-03,"37,249","37,526","36,833","37,526","36,140.00","37,323.05","43,160.51","1,138,046","42,406,610,100"
2005-11-02,"36,510","36,926","36,417","36,648","35,751.80","37,470.95","43,243.70","530,697","19,489,553,700"
2005-11-01,"36,463","37,018","36,094","36,279","35,724.20","37,662.75","43,321.12","810,691","29,660,011,250"
2005-10-31,"35,169","36,186","34,892","35,678","35,881.20","37,840.65","43,396.22","1,466,863","52,179,134,000"
2005-10-28,"35,123","35,216","34,430","34,569","36,112.20","38,048.60","43,484.03","1,254,992","43,528,833,150"
2005-10-27,"36,001","36,186","35,216","35,585","36,592.80","38,321.25","43,588.01","1,080,792","38,550,278,000"
2005-10-26,"37,064","37,342","36,463","36,510","36,583.60","38,545.40","43,674.28","1,512,723","55,348,359,000"
2005-10-25,"37,249","37,480","36,741","37,064","36,398.60","38,677.10","43,735.13","665,753","24,706,055,700"
2005-10-24,"36,972","37,295","36,602","36,833","36,260.00","38,776.50","43,784.43","507,191","18,739,405,200"
2005-10-21,"34,707","36,972","34,707","36,972","36,371.00","38,855.10","43,837.58","1,230,464","44,611,701,300"
2005-10-20,"35,909","36,371","35,539","35,539","36,537.40","38,986.80","43,885.34","922,043","33,173,985,350"
2005-10-19,"35,447","35,724","34,985","35,585","36,953.40","39,222.50","43,940.42","1,845,348","65,319,460,350"
2005-10-18,"37,249","37,388","36,001","36,371","37,498.80","39,444.35","44,001.66","3,890,268","141,762,477,150"
2005-10-17,"37,619","38,220","37,203","37,388","38,534.00","39,617.65","44,060.20","1,156,265","43,501,248,350"
2005-10-14,"37,711","38,127","37,342","37,804","39,402.80","39,788.65","44,117.20","1,893,887","71,610,890,850"
2005-10-13,"37,711","37,758","36,926","37,619","40,022.00","40,047.45","44,162.64","2,610,489","97,607,321,350"
2005-10-12,"39,005","39,421","38,127","38,312","40,595.00","40,347.85","44,201.93","5,334,176","206,916,424,450"
2005-10-11,"41,686","41,778","41,085","41,547","41,029.40","40,673.65","44,230.04","968,711","40,073,360,600"
2005-10-10,"41,131","42,194","41,131","41,732","40,687.40","40,865.45","44,233.51","1,550,997","64,693,268,650"
2005-10-07,"40,623","41,039","40,392","40,900","40,308.40","41,057.25","44,224.65","816,222","33,268,006,500"
2005-10-06,"40,669","41,131","40,392","40,484","40,132.80","41,309.15","44,230.43","1,244,103","50,594,990,800"
2005-10-05,"40,207","41,316","40,161","40,484","40,049.60","41,531.00","44,234.67","1,943,262","79,464,145,950"
2005-10-04,"39,837","40,346","39,375","39,837","39,781.60","41,752.85","44,236.21","1,310,151","52,107,811,000"
2005-09-30,"40,161","40,253","39,699","39,837","39,624.60","42,007.05","44,250.46","950,822","37,937,347,900"
2005-09-29,"40,022","40,484","39,467","40,022","39,338.20","42,224.25","44,278.19","745,772","29,691,304,700"
2005-09-28,"39,283","40,253","39,283","40,068","39,255.00","42,413.75","44,304.77","1,665,781","66,509,055,450"
2005-09-27,"39,005","39,745","38,589","39,144","39,292.00","42,573.20","44,335.97","1,213,784","47,569,982,950"
2005-09-26,"38,497","39,236","38,497","39,052","39,467.60","42,755.75","44,367.16","1,070,433","41,699,079,950"
2005-09-23,"39,144","39,421","38,312","38,405","39,624.60","42,991.45","44,394.88","3,096,369","119,876,183,850"
2005-09-22,"40,115","40,115","39,375","39,606","40,105.20","43,289.50","44,435.70","1,493,934","59,249,496,450"
2005-09-21,"39,560","40,484","39,560","40,253","40,780.00","43,527.50","44,446.10","1,496,793","60,118,879,500"
2005-09-20,"39,930","40,669","39,514","40,022","41,454.80","43,749.35","44,438.78","2,246,803","90,113,480,950"
2005-09-16,"39,421","40,022","38,728","39,837","42,416.00","44,001.25","44,429.93","3,053,450","120,791,610,700"
2005-09-15,"42,518","42,564","40,115","40,808","43,525.20","44,243.90","44,430.70","4,106,851","169,244,471,400"
2005-09-14,"42,980","43,396","42,518","42,980","44,477.20","44,426.45","44,428.00","2,660,081","113,911,793,600"
2005-09-13,"44,967","45,013","43,627","43,627","45,068.80","44,574.35","44,409.13","1,948,835","85,908,425,700"
2005-09-12,"45,198","45,568","44,828","44,828","45,327.60","44,717.60","44,376.78","1,000,239","45,093,709,000"
2005-09-09,"45,291","45,522","44,644","45,383","45,346.20","44,814.70","44,331.33","710,740","32,018,854,400"
2005-09-08,"46,030","46,492","44,828","45,568","45,253.80","44,805.45","44,269.72","1,461,053","66,784,436,200"
2005-09-07,"45,568","46,030","45,013","45,938","44,976.40","44,791.60","44,207.71","1,096,093","50,121,325,200"
2005-09-06,"44,967","45,614","44,782","44,921","44,551.20","44,754.60","44,140.31","811,746","36,723,099,000"
2005-09-05,"44,967","45,013","44,413","44,921","44,218.40","44,745.35","44,087.16","485,895","21,741,775,900"
2005-09-02,"44,274","45,198","44,274","44,921","43,793.20","44,789.25","44,034.01","615,064","27,530,515,000"
2005-09-01,"43,950","44,366","43,950","44,181","43,562.20","44,890.90","43,991.64","417,326","18,424,734,200"
2005-08-31,"43,303","44,089","43,165","43,812","43,599.20","44,969.50","43,956.22","517,779","22,675,943,200"
2005-08-30,"43,442","43,673","42,980","43,257","43,710.00","45,043.45","43,901.53","484,008","20,951,420,900"
2005-08-29,"42,934","43,257","42,564","42,795","43,996.60","45,071.20","43,853.00","619,317","26,529,495,300"
2005-08-26,"43,904","44,366","43,766","43,766","44,449.60","45,128.95","43,806.78","541,039","23,788,374,300"
2005-08-25,"43,627","44,690","43,257","44,366","44,634.40","45,108.15","43,757.87","767,194","33,821,426,250"
2005-08-24,"44,644","44,736","43,673","44,366","44,653.00","45,061.95","43,715.12","730,042","32,318,276,500"
2005-08-23,"45,291","45,291","44,089","44,690","44,967.40","45,036.55","43,671.60","487,730","21,794,757,900"
2005-08-22,"44,413","45,198","44,181","45,060","45,327.80","44,988.00","43,634.63","585,666","26,334,452,250"
2005-08-19,"43,997","44,690","43,442","44,690","45,669.80","44,920.95","43,599.58","709,518","31,331,226,400"
2005-08-18,"45,568","45,707","43,858","44,459","45,771.40","44,756.90","43,564.14","1,146,087","51,410,487,900"
2005-08-17,"45,383","46,030","44,921","45,938","45,937.80","44,604.40","43,523.32","1,050,522","47,984,589,900"
2005-08-16,"46,677","46,677","45,891","46,492","45,789.80","44,394.10","43,465.54","862,882","39,968,017,500"
2005-08-12,"45,568","47,324","45,383","46,770","45,438.60","44,220.80","43,413.17","1,714,717","79,692,459,420"
2005-08-11,"45,291","45,291","44,505","45,198","45,244.40","44,045.15","43,353.47","585,913","26,291,761,500"
2005-08-10,"45,198","45,522","44,967","45,291","45,595.60","43,920.40","43,315.34","593,493","26,864,317,500"
2005-08-09,"44,736","45,614","44,366","45,198","45,688.00","43,797.90","43,281.45","575,451","25,929,670,500"
2005-08-08,"44,366","44,967","43,997","44,736","45,706.60","43,710.10","43,258.34","786,918","35,092,641,900"
2005-08-05,"45,568","45,891","45,291","45,799","45,521.80","43,576.10","43,234.47","1,160,826","52,886,907,600"
2005-08-04,"45,753","47,509","45,614","46,954","45,152.00","43,412.05","43,205.97","2,295,992","107,176,172,800"
2005-08-03,"45,845","47,047","45,429","45,753","44,431.20","43,248.00","43,152.05","1,820,828","84,034,284,500"
2005-08-02,"44,366","45,291","44,181","45,291","43,969.00","43,134.75","43,111.99","1,588,960","71,290,193,000"
2005-08-01,"43,997","44,089","43,442","43,812","43,682.40","43,118.55","43,068.86","619,291","27,088,463,800"
2005-07-29,"43,719","44,228","42,934","43,950","43,663.80","43,204.05","43,042.67","1,498,593","65,620,845,950"
2005-07-28,"43,627","43,719","42,749","43,350","43,617.60","43,271.10","43,019.18","1,192,381","51,473,984,900"
2005-07-27,"43,904","43,997","43,165","43,442","43,229.40","43,326.55","42,999.92","955,273","41,572,784,000"
2005-07-26,"43,719","44,921","43,211","43,858","42,822.80","43,333.50","42,979.89","2,043,218","89,946,061,850"
2005-07-25,"43,211","43,904","42,795","43,719","42,397.60","43,308.10","42,941.77","1,620,956","70,350,342,000"
2005-07-22,"41,871","43,904","41,824","43,719","42,259.00","43,252.65","42,904.80","15,624,229","648,098,575,300"
2005-07-21,"41,224","42,287","40,946","41,409","42,166.60","43,224.95","42,869.76","1,958,872","81,704,037,900"
2005-07-20,"41,593","42,056","41,177","41,409","42,425.40","43,322.00","42,849.34","1,446,086","60,184,662,150"
2005-07-19,"42,841","43,072","41,455","41,732","42,711.80","43,465.25","42,850.88","1,668,395","70,006,287,950"
2005-07-18,"43,257","43,350","42,656","43,026","43,053.80","43,583.10","42,848.95","679,418","29,179,101,150"
2005-07-15,"42,564","44,135","42,564","43,257","42,859.80","43,696.35","42,823.92","922,007","40,054,962,000"
2005-07-14,"42,887","43,211","42,333","42,703","42,712.00","43,876.60","42,802.35","788,872","33,842,361,300"
2005-07-13,"43,442","43,719","42,194","42,841","42,906.00","44,049.90","42,789.25","973,316","41,551,884,700"
2005-07-12,"43,350","44,320","43,211","43,442","43,035.40","44,241.70","42,782.71","1,449,546","63,349,080,500"
2005-07-11,"42,518","42,841","41,593","42,056","43,340.40","44,361.85","42,727.25","1,346,087","56,638,173,250"
2005-07-08,"42,980","43,165","42,472","42,518","44,033.60","44,602.15","42,668.71","916,675","39,259,971,200"
2005-07-07,"43,534","44,089","43,303","43,673","44,588.20","44,851.70","42,606.70","462,083","20,250,763,000"
2005-07-06,"45,106","45,152","43,211","43,488","44,745.40","45,089.70","42,539.69","1,044,228","45,804,575,600"
2005-07-05,"45,291","45,429","44,828","44,967","44,764.00","45,336.95","42,454.58","456,788","20,605,699,600"
2005-07-04,"45,522","45,660","44,690","45,522","44,440.60","45,538.00","42,357.92","581,390","26,290,635,750"
2005-07-01,"44,089","45,476","44,089","45,291","43,858.20","45,646.60","42,257.39","717,083","32,296,253,000"
2005-06-30,"43,442","44,551","43,442","44,459","43,433.00","45,739.00","42,161.88","361,496","15,968,779,400"
2005-06-29,"43,904","44,366","43,442","43,581","43,211.20","45,896.10","42,072.14","587,516","25,801,275,800"
2005-06-28,"42,333","43,719","42,333","43,350","43,349.80","46,166.45","42,002.82","740,555","31,952,058,300"
2005-06-27,"42,518","42,703","42,287","42,610","43,497.60","46,471.45","41,941.97","421,009","17,889,888,300"
2005-06-24,"42,980","43,442","42,795","43,165","44,033.80","46,711.80","41,880.35","556,490","23,998,190,800"
2005-06-23,"43,719","44,274","42,749","43,350","44,773.20","46,896.65","41,801.78","1,374,154","59,506,857,350"
2005-06-22,"43,997","44,690","43,904","44,274","45,337.00","47,076.85","41,722.44","467,727","20,780,350,900"
2005-06-21,"45,013","45,198","43,812","44,089","45,817.60","47,197.00","41,639.25","837,043","37,155,447,900"
2005-06-20,"46,215","46,307","45,152","45,291","46,168.80","47,326.40","41,552.21","706,116","32,253,142,500"
2005-06-17,"46,585","47,047","46,030","46,862","46,483.00","47,418.80","41,463.63","465,423","21,726,162,250"
2005-06-16,"46,585","47,232","45,984","46,169","46,612.40","47,441.90","41,378.90","615,412","28,590,873,150"
2005-06-15,"45,660","46,954","45,660","46,677","47,065.20","47,430.35","41,299.95","546,684","25,362,282,500"
2005-06-14,"46,492","47,417","45,845","45,845","47,416.40","47,416.50","41,206.75","732,255","33,913,400,800"
2005-06-13,"47,417","47,786","46,677","46,862","48,045.00","47,504.30","41,118.94","571,093","26,900,113,400"
2005-06-10,"48,341","48,988","47,324","47,509","48,211.40","47,536.65","41,017.27","555,792","26,645,896,300"
2005-06-09,"48,341","48,433","47,694","48,433","48,137.40","47,458.10","40,896.33","557,436","26,844,845,600"
2005-06-08,"48,526","48,895","47,971","48,433","47,971.00","47,301.00","40,758.07","834,183","40,395,097,800"
2005-06-07,"47,324","49,912","46,862","48,988","48,082.00","47,190.10","40,623.28","1,330,611","64,601,687,300"
2005-06-03,"47,324","48,064","46,954","47,694","48,174.40","47,093.05","40,489.64","447,009","21,269,653,000"
2005-06-02,"48,064","48,341","47,139","47,139","48,119.00","47,005.25","40,375.26","838,195","40,027,713,200"
2005-06-01,"48,433","48,988","47,601","47,601","48,063.60","46,838.90","40,255.87","696,630","33,524,458,000"
2005-05-31,"49,358","49,358","48,248","48,988","47,934.20","46,607.85","40,139.18","523,141","25,536,301,000"
2005-05-30,"47,232","49,727","46,954","49,450","47,472.00","46,319.00","40,017.09","732,000","35,586,008,500"
2005-05-27,"47,324","47,601","47,047","47,417","46,917.40","45,981.65","39,895.01","371,091","17,582,825,900"
2005-05-26,"47,139","47,509","46,169","46,862","46,861.80","45,718.20","39,784.86","420,333","19,555,582,600"
2005-05-25,"46,862","47,601","46,400","46,954","46,954.20","45,521.80","39,673.94","389,779","18,334,310,600"
2005-05-24,"47,139","47,601","46,307","46,677","46,751.00","45,343.90","39,563.03","428,366","20,057,016,500"
2005-05-23,"47,139","47,139","46,215","46,677","46,695.60","45,221.45","39,450.18","276,827","12,916,371,500"
2005-05-20,"47,324","48,341","46,954","47,139","46,880.40","45,050.45","39,349.28","361,050","17,230,225,000"
2005-05-19,"46,492","47,324","46,307","47,324","46,954.40","44,810.15","39,233.75","581,992","27,274,060,200"
2005-05-18,"46,954","47,047","45,522","45,938","46,677.20","44,528.25","39,103.19","453,383","20,869,825,200"
2005-05-17,"47,786","48,064","45,984","46,400","46,547.80","44,329.50","38,982.26","791,277","36,906,877,000"
2005-05-16,"47,601","48,803","47,139","47,601","46,510.80","44,042.95","38,866.72","672,191","32,185,192,500"
2005-05-13,"45,660","47,971","45,476","47,509","46,400.00","43,742.55","38,746.18","619,707","29,207,345,400"
2005-05-12,"45,291","46,770","45,106","45,938","46,085.80","43,416.75","38,626.78","536,851","24,705,310,400"
2005-05-11,"45,660","45,938","44,782","45,291","45,660.60","43,153.30","38,508.16","592,000","26,768,768,500"
2005-05-10,"47,139","48,248","46,076","46,215","45,198.40","42,966.10","38,399.55","649,330","30,463,453,500"
2005-05-09,"46,030","47,047","45,660","47,047","44,597.60","42,813.60","38,280.16","650,796","30,147,017,300"
2005-05-06,"44,690","46,770","44,690","45,938","43,728.80","42,621.80","38,148.44","1,455,130","66,901,177,000"
2005-05-04,"43,488","44,181","43,488","43,812","42,970.80","42,515.50","38,022.12","357,632","15,677,360,200"
2005-05-03,"43,488","43,488","42,887","42,980","42,795.20","42,469.25","37,911.20","204,432","8,845,879,500"
2005-05-02,"43,072","43,211","42,749","43,211","42,878.40","42,439.20","37,806.82","284,301","12,224,555,500"
2005-04-29,"41,593","42,703","41,547","42,703","43,081.80","42,443.80","37,696.29","442,256","18,658,545,400"
2005-04-28,"42,980","43,350","42,148","42,148","43,192.60","42,351.35","37,579.21","281,891","12,052,777,000"
2005-04-27,"42,887","43,072","42,425","42,934","43,229.60","42,212.70","37,475.23","336,234","14,379,174,250"
2005-04-26,"43,997","44,228","43,303","43,396","42,980.00","42,013.95","37,356.22","700,996","30,598,913,150"
2005-04-25,"42,841","44,228","42,610","44,228","42,693.40","41,840.65","37,225.66","601,731","26,167,673,100"
2005-04-22,"43,165","43,627","42,518","43,257","41,981.60","41,653.45","37,097.41","821,503","35,501,144,900"
2005-04-21,"40,808","42,518","40,623","42,333","41,648.80","41,526.35","36,982.64","506,504","21,187,258,600"
2005-04-20,"42,472","42,703","40,762","41,686","41,380.80","41,396.95","36,870.18","539,311","22,536,334,000"
2005-04-19,"40,762","42,240","40,762","41,963","41,177.40","41,281.40","36,773.52","642,802","26,801,747,200"
2005-04-18,"40,299","40,669","39,560","40,669","41,094.20","41,082.70","36,680.70","738,889","29,682,504,500"
2005-04-15,"40,946","42,056","40,207","41,593","41,593.40","40,955.60","36,607.14","1,119,658","46,335,531,000"
2005-04-14,"40,207","41,640","40,161","40,993","41,917.00","40,768.45","36,521.65","1,189,237","48,796,452,550"
2005-04-13,"41,224","41,547","40,115","40,669","42,480.80","40,645.95","36,441.93","1,408,149","57,202,083,500"
2005-04-12,"42,056","42,148","41,131","41,547","42,924.40","40,539.65","36,368.37","1,195,957","49,692,274,300"
2005-04-11,"42,518","43,257","41,871","43,165","43,090.80","40,454.15","36,277.48","730,476","31,144,859,200"
2005-04-08,"44,366","44,459","42,610","43,211","43,118.40","40,292.40","36,171.56","811,075","35,327,877,500"
2005-04-07,"43,812","44,690","43,534","43,812","42,647.00","39,994.30","36,057.94","1,223,723","53,903,099,580"
2005-04-06,"42,749","43,257","41,917","42,887","41,759.60","39,675.40","35,940.86","1,036,438","44,179,192,600"
2005-04-04,"43,257","44,644","42,287","42,379","40,974.00","39,393.50","35,831.87","1,374,124","59,725,023,100"
2005-04-01,"40,854","43,997","40,669","43,303","40,484.20","39,169.35","35,756.00","2,162,231","92,422,325,500"
2005-03-31,"40,207","41,224","39,837","40,854","39,920.40","38,966.00","35,678.98","1,260,305","51,247,981,900"
2005-03-30,"38,451","39,421","38,035","39,375","39,892.60","38,880.50","35,622.75","755,124","29,247,701,800"
2005-03-29,"40,022","40,530","38,774","38,959","39,966.60","38,924.40","35,587.32","675,845","26,749,670,500"
2005-03-28,"40,762","41,131","39,514","39,930","40,049.80","39,019.15","35,551.50","608,132","24,548,391,900"
2005-03-25,"40,946","40,993","40,115","40,484","39,661.60","39,044.55","35,504.51","537,125","21,734,835,000"
2005-03-24,"40,484","40,993","40,022","40,715","39,190.20","38,998.35","35,440.57","739,282","30,038,354,250"
2005-03-23,"39,190","40,438","38,959","39,745","38,617.20","38,912.85","35,371.64","895,153","35,627,176,500"
2005-03-22,"37,896","40,068","37,711","39,375","38,376.80","38,935.95","35,308.87","887,483","34,921,071,400"
2005-03-21,"38,266","38,451","37,249","37,989","38,210.40","38,947.50","35,242.63","467,608","17,654,378,500"
2005-03-18,"37,295","38,127","37,157","38,127","38,580.00","39,079.20","35,187.93","521,178","19,623,111,000"
2005-03-17,"38,081","38,312","37,295","37,850","38,940.60","39,234.05","35,134.02","387,779","14,700,380,600"
2005-03-16,"38,035","39,283","37,804","38,543","38,820.40","39,462.80","35,082.79","485,582","18,746,599,600"
2005-03-15,"40,207","40,854","37,619","38,543","38,598.60","39,629.20","35,021.56","796,007","31,112,775,400"
2005-03-14,"39,467","40,530","38,820","39,837","38,339.80","39,821.00","34,965.72","689,822","27,443,130,400"
2005-03-11,"37,711","40,068","37,665","39,930","37,951.60","39,853.35","34,905.25","1,277,665","49,912,271,400"
2005-03-10,"36,972","38,127","36,648","37,249","37,812.80","39,904.15","34,845.17","606,533","22,578,092,200"
2005-03-09,"36,879","37,480","36,232","37,434","38,191.80","40,047.45","34,807.04","826,792","30,506,519,000"
2005-03-08,"37,896","38,220","36,879","37,249","38,755.60","40,209.20","34,768.53","946,500","35,393,971,700"
2005-03-07,"39,283","39,283","37,665","37,896","39,476.60","40,403.30","34,713.07","710,188","27,239,258,500"
2005-03-04,"39,144","39,560","38,266","39,236","39,985.00","40,560.45","34,652.60","736,889","28,694,108,800"
2005-03-03,"39,837","39,976","38,589","39,144","40,049.80","40,650.60","34,579.04","917,720","36,045,328,450"
2005-03-02,"40,946","40,946","39,745","40,253","40,022.00","40,657.55","34,507.79","514,894","20,850,169,100"
2005-02-28,"41,039","41,362","40,438","40,854","40,012.80","40,609.05","34,430.38","520,277","21,243,934,400"
2005-02-25,"39,837","41,131","39,514","40,438","39,763.20","40,542.05","34,355.67","805,129","32,579,498,500"
2005-02-24,"39,005","40,392","39,005","39,560","39,800.20","40,468.10","34,287.50","739,376","29,355,689,500"
2005-02-23,"39,745","39,837","38,774","39,005","40,133.00","40,569.75","34,221.64","685,917","26,891,878,500"
2005-02-22,"39,837","41,039","39,745","40,207","40,817.00","40,694.55","34,163.11","938,444","37,880,040,000"
2005-02-21,"41,270","41,409","39,283","39,606","41,149.80","40,685.30","34,110.34","896,573","35,850,464,850"
2005-02-18,"41,131","41,131","40,392","40,623","41,704.40","40,738.45","34,064.52","678,724","27,573,578,950"
2005-02-17,"42,148","42,240","41,224","41,224","41,676.60","40,763.85","34,005.21","413,981","17,298,696,700"
2005-02-16,"41,871","42,610","41,362","42,425","41,621.00","40,805.45","33,943.58","789,401","33,251,358,800"
2005-02-15,"42,102","42,194","41,778","41,871","41,159.00","40,523.55","33,868.48","539,328","22,631,607,850"
2005-02-14,"41,316","42,610","40,854","42,379","40,918.60","40,181.55","33,803.78","1,021,050","42,563,187,600"
2005-02-11,"40,115","40,762","40,022","40,484","40,669.00","39,816.45","33,742.55","329,677","13,324,602,700"
2005-02-07,"40,623","41,085","40,346","40,946","40,780.00","39,573.85","33,683.24","495,098","20,194,065,200"
2005-02-04,"40,392","40,438","39,883","40,115","40,798.60","39,190.30","33,610.84","315,045","12,679,832,100"
2005-02-03,"40,854","41,039","40,161","40,669","40,632.20","38,852.90","33,541.90","279,301","11,331,579,500"
2005-02-02,"41,501","41,501","40,392","41,131","40,355.00","38,492.40","33,472.57","647,521","26,551,290,000"
2005-02-01,"40,946","42,379","40,484","41,039","40,031.60","38,127.30","33,400.94","511,833","21,166,114,300"
2005-01-31,"40,161","41,778","39,745","41,039","39,615.60","37,759.90","33,332.38","530,081","21,717,131,600"
2005-01-28,"38,081","40,068","37,711","39,283","39,726.40","37,471.05","33,257.28","1,220,526","47,193,639,000"
2005-01-27,"39,514","39,606","38,820","39,283","40,170.00","37,309.30","33,192.97","505,963","19,836,281,000"
2005-01-26,"39,098","39,791","38,820","39,514","40,317.80","37,105.95","33,131.34","569,789","22,428,711,500"
2005-01-25,"38,820","39,976","38,728","38,959","40,548.80","36,817.10","33,062.02","735,364","28,868,557,100"
2005-01-24,"41,131","41,732","40,207","41,593","40,983.20","36,560.60","32,982.30","760,352","31,304,097,500"
2005-01-21,"39,745","42,980","39,652","41,501","41,075.80","36,195.50","32,880.63","877,811","36,181,383,600"
2005-01-20,"40,299","41,409","39,745","40,022","40,133.00","35,802.65","32,784.73","808,697","32,610,024,300"
2005-01-19,"41,085","41,409","39,837","40,669","39,134.80","35,534.60","32,708.48","760,400","30,848,198,000"
2005-01-18,"41,824","43,257","41,039","41,131","38,016.40","35,335.90","32,625.68","956,561","40,049,998,000"
2005-01-17,"40,022","42,240","39,098","42,056","36,916.60","35,114.10","32,543.26","1,488,988","60,645,239,000"
2005-01-14,"34,938","36,972","34,707","36,787","35,160.40","34,785.95","32,449.28","988,909","36,049,772,400"
2005-01-13,"35,077","35,354","33,968","35,031","34,476.40","34,712.00","32,401.14","536,944","18,649,195,200"
2005-01-12,"35,216","36,556","35,077","35,077","34,162.00","34,693.50","32,361.48","587,250","21,003,421,950"
2005-01-11,"33,459","35,632","33,275","35,632","33,912.40","34,589.50",,"844,881","29,345,735,600"
2005-01-10,"33,275","33,598","32,905","33,275","33,524.20","34,400.00",,"369,787","12,299,677,500"
2005-01-07,"33,182","33,644","32,905","33,367","33,921.60","34,349.15",,"361,006","12,042,380,700"
2005-01-06,"33,459","34,338","33,090","33,459","34,457.80","34,328.35",,"439,596","14,820,976,600"
2005-01-05,"33,367","33,922","33,136","33,829","34,809.20","34,353.80",,"379,944","12,760,962,100"
2005-01-04,"34,800","34,800","33,691","33,691","34,790.80","34,302.95",,"467,261","15,898,218,800"
2005-01-03,"35,770","35,816","35,031","35,262","34,818.40","34,298.30",,"283,004","10,000,188,600"
2004-12-30,"34,846","36,648","34,661","36,048","34,624.20","34,252.10",,"290,559","10,412,185,500"
2004-12-29,"33,367","35,354","33,367","35,216","34,143.40","34,189.70",,"345,044","11,989,953,800"
2004-12-28,"33,459","34,107","33,228","33,737","34,032.40","34,138.85",,"210,778","7,073,083,000"
2004-12-27,"33,737","34,707","33,275","33,829","34,624.00","34,129.60",,"283,465","9,585,257,500"
2004-12-24,"33,829","34,291","32,812","34,291","35,197.20","34,120.35",,"274,258","9,212,374,500"
2004-12-23,"34,153","34,199","33,090","33,644","35,437.60","34,062.60",,"550,070","18,460,952,500"
2004-12-22,"36,048","36,048","34,014","34,661","35,770.40","34,108.85",,"857,700","29,858,997,500"
2004-12-21,"36,648","36,972","35,816","36,695","35,770.40","34,039.55",,"374,108","13,659,579,900"
2004-12-20,"35,308","37,249","35,031","36,695","35,030.80","33,787.65",,"559,466","20,484,892,500"
2004-12-17,"35,308","35,585","34,707","35,493","34,060.20","33,524.20",,"228,672","8,083,089,600"
2004-12-16,"34,661","35,539","34,569","35,308","33,413.20","33,376.30",,"632,381","22,186,535,200"
2004-12-15,"32,812","34,892","32,812","34,661","32,941.80","33,267.70",,"409,019","13,945,775,000"
2004-12-14,"32,258","32,997","32,119","32,997","32,803.20","33,193.75",,"274,948","8,999,602,400"
2004-12-13,"31,518","32,489","31,518","31,842","32,766.20","33,129.05",,"162,156","5,176,864,850"
2004-12-10,"33,275","33,552","31,703","32,258","33,117.40","33,149.85",,"288,114","9,345,508,300"
2004-12-09,"33,737","33,922","32,951","32,951","33,533.40","33,131.35",,"696,956","23,198,019,450"
2004-12-08,"32,350","33,968","32,304","33,968","33,903.20","33,045.85",,"462,824","15,436,596,750"
2004-12-07,"33,044","33,136","32,350","32,812","33,949.40","32,886.40",,"381,403","12,469,925,850"
2004-12-06,"34,338","34,338","33,228","33,598","34,097.40","32,770.90",,"237,308","8,001,800,100"
2004-12-03,"35,539","35,770","34,107","34,338","34,106.60","32,613.75",,"278,783","9,731,992,800"
2004-12-02,"34,846","35,354","34,430","34,800","33,866.20","32,394.20",,"313,646","10,972,119,400"
2004-12-01,"33,321","34,661","33,321","34,199","33,820.00","32,086.85",,"362,115","12,315,777,000"
2004-11-30,"33,459","33,829","33,275","33,552","33,635.20","31,860.40",,"198,813","6,676,118,000"
2004-11-29,"34,014","34,199","32,859","33,644","33,256.20","31,615.45",,"562,769","18,924,806,200"
2004-11-26,"35,123","35,354","32,350","33,136","32,812.60","31,319.70",,"732,950","25,074,741,200"
2004-11-25,"33,737","35,493","33,506","34,569","32,692.40","31,104.80",,"1,378,026","47,535,734,100"
2004-11-24,"31,888","33,875","31,426","33,275","32,405.80","30,850.60",,"928,072","30,578,168,000"
2004-11-23,"31,703","31,981","31,380","31,657","32,387.20","30,628.75",,"197,190","6,238,105,250"
2004-11-22,"31,657","32,027","31,426","31,426","32,396.40","30,550.20",,"271,055","8,561,947,500"
2004-11-19,"33,090","33,275","31,796","32,535","32,562.80","30,520.15",,"289,791","9,396,482,900"
2004-11-18,"33,968","34,060","32,535","33,136","32,433.40","30,485.50",,"473,111","15,878,160,350"
2004-11-17,"31,518","33,922","31,518","33,182","32,054.40","30,395.40",,"540,370","17,963,463,600"
2004-11-16,"32,258","32,350","31,657","31,703","31,573.80","30,307.60",,"205,872","6,577,296,000"
2004-11-15,"31,888","32,997","31,472","32,258","31,333.60","30,314.55",,"374,328","12,163,329,000"
2004-11-12,"31,611","32,397","31,565","31,888","30,973.00","30,233.65",,"285,022","9,126,983,500"
2004-11-11,"30,548","31,518","30,224","31,241","30,584.80","30,162.00",,"472,958","14,685,358,000"
2004-11-10,"30,178","30,918","30,178","30,779","30,067.20","30,078.80",,"165,809","5,079,848,700"
2004-11-09,"30,409","30,502","29,808","30,502","29,845.40","30,027.95",,"111,878","3,376,099,500"
2004-11-08,"30,502","30,871","30,271","30,455","29,475.60","29,993.25",,"335,130","10,215,954,800"
2004-11-05,"29,300","30,779","29,208","29,947","28,930.40","30,134.25",,"789,629","23,936,928,300"
2004-11-04,"29,624","29,624","28,653","28,653","28,708.60","30,339.90",,"641,399","18,598,966,350"
2004-11-03,"28,792","29,901","28,514","29,670","28,875.00","30,612.60",,"510,894","14,884,257,900"
2004-11-02,"27,821","29,069","27,821","28,653","28,708.60","30,885.25",,"507,240","14,453,595,000"
2004-11-01,"28,653","29,161","27,683","27,729","28,995.20","31,185.65",,"765,432","21,739,632,500"
2004-10-29,"28,422","28,838","27,960","28,838","29,614.40","31,513.75",,"573,930","16,263,336,700"
2004-10-28,"29,208","29,485","28,422","29,485","30,215.20","31,712.45",,"558,015","16,170,708,600"
2004-10-27,"30,040","30,040","28,561","28,838","30,585.00","31,860.35",,"498,758","14,533,655,900"
2004-10-26,"30,825","30,964","29,670","30,086","31,102.60","32,029.05",,"355,681","10,732,995,000"
2004-10-25,"30,779","31,102","30,502","30,825","31,453.80","32,096.05",,"310,931","9,590,709,450"
2004-10-22,"31,334","32,489","31,149","31,842","31,416.80","32,126.10",,"290,001","9,228,753,450"
2004-10-21,"31,241","32,027","30,224","31,334","31,139.40","32,116.85",,"488,897","15,393,553,300"
2004-10-20,"31,842","32,859","31,426","31,426","30,788.00","32,135.30",,"826,985","26,561,218,500"
2004-10-19,"31,426","32,350","31,334","31,842","30,455.20","32,123.75",,"723,788","23,119,144,300"
2004-10-18,"30,594","31,195","30,409","30,640","30,048.40","32,123.75",,"430,362","13,256,664,200"
2004-10-15,"29,208","30,733","29,208","30,455","30,575.40","32,220.80",,"299,701","9,062,471,150"
2004-10-14,"29,947","30,594","29,254","29,577","31,296.40","32,334.05",,"359,325","10,786,279,500"
2004-10-13,"30,317","30,687","29,624","29,762","32,202.40","32,488.90",,"692,344","20,927,849,000"
2004-10-12,"31,611","31,703","29,762","29,808","33,274.60","32,641.40",,"1,451,708","44,371,610,750"
2004-10-11,"33,321","33,737","32,720","33,275","34,245.20","32,680.70",,"363,975","12,043,679,000"
2004-10-08,"33,275","34,661","33,275","34,060","34,448.40","32,548.95",,"456,580","15,618,826,350"
2004-10-07,"35,077","35,077","33,506","34,107","34,198.80","32,366.40",,"383,275","13,043,063,500"
2004-10-06,"34,661","35,123","34,199","35,123","33,866.00","32,190.75",,"456,092","15,813,634,000"
2004-10-05,"34,014","35,031","33,783","34,661","33,283.80","31,982.80",,"506,378","17,519,733,000"
2004-10-04,"33,321","34,291","33,321","34,291","32,636.80","31,844.15",,"791,127","26,856,974,100"
2004-10-01,"32,350","32,812","31,934","32,812","32,063.80","31,742.50",,"260,365","8,421,364,500"
2004-09-30,"32,350","32,905","32,350","32,443","31,832.80","31,684.75",,"248,976","8,107,010,100"
2004-09-24,"31,518","32,997","31,518","32,212","31,684.80","31,661.65",,"401,319","13,005,028,550"
2004-09-23,"31,010","31,934","31,010","31,426","31,481.40","31,744.80",,"434,770","13,685,145,000"
2004-09-22,"31,657","32,073","31,241","31,426","31,564.60","31,878.85",,"367,672","11,632,575,500"
2004-09-21,"31,426","31,888","31,426","31,657","31,795.60","31,982.85",,"172,888","5,480,649,100"
2004-09-20,"31,472","32,027","31,334","31,703","32,008.20","32,091.45",,"199,713","6,340,225,600"
2004-09-17,"32,165","32,165","31,102","31,195","32,202.40","32,176.95",,"297,615","9,348,228,750"
2004-09-16,"31,981","32,350","31,611","31,842","32,525.80","32,322.55",,"316,661","10,145,356,350"
2004-09-15,"32,674","32,766","32,258","32,581","32,276.20","32,482.00",,"255,574","8,308,328,000"
2004-09-14,"32,859","33,136","32,073","32,720","31,888.00","32,521.30",,"424,785","13,897,456,700"
2004-09-13,"32,812","33,044","32,304","32,674","31,425.80","32,498.20",,"757,822","24,811,684,200"
2004-09-10,"30,825","32,812","30,687","32,812","31,009.80","32,456.60",,"837,015","26,777,277,000"
2004-09-09,"30,548","30,871","30,271","30,594","30,640.20","32,433.50",,"259,052","7,931,951,500"
2004-09-08,"30,132","31,056","30,132","30,640","30,899.00","32,530.55",,"279,194","8,585,755,300"
2004-09-07,"30,779","30,871","30,317","30,409","31,222.60","32,639.15",,"312,465","9,566,787,000"
2004-09-06,"30,594","30,871","30,132","30,594","31,472.20","32,720.05",,"358,685","10,890,473,700"
2004-09-03,"31,981","32,119","30,871","30,964","31,749.60","32,768.60",,"485,759","15,134,559,500"
2004-09-02,"31,934","32,165","31,796","31,888","32,331.80","32,814.80",,"254,499","8,128,339,500"
2004-09-01,"31,657","32,350","31,518","32,258","32,775.60","32,780.15",,"436,413","13,974,608,900"
2004-08-31,"31,518","32,119","31,334","31,657","33,025.20","32,636.90",,"490,755","15,528,345,500"
2004-08-30,"33,644","34,060","31,611","31,981","33,459.60","32,523.70",,"1,138,912","37,040,616,700"
2004-08-27,"34,384","34,430","33,598","33,875","33,746.00","32,424.30",,"398,830","13,526,540,450"
2004-08-26,"33,691","34,338","33,691","34,107","33,792.40","32,274.10",,"504,087","17,172,938,200"
2004-08-25,"33,644","34,107","33,136","33,506","33,977.20","32,105.40",,"396,307","13,322,314,250"
2004-08-24,"33,459","34,245","32,535","33,829","33,949.40","31,992.15",,"716,297","24,002,211,500"
2004-08-23,"34,107","34,522","33,275","33,413","33,635.20","31,839.65",,"358,752","12,127,475,450"
2004-08-20,"34,754","34,754","33,875","34,107","33,321.00","31,719.50",,"660,525","22,616,593,000"
2004-08-19,"33,413","35,632","33,228","35,031","32,969.60","31,527.70",,"1,171,741","40,298,490,000"
2004-08-18,"32,350","33,598","32,165","33,367","32,470.40",,,"637,734","21,104,066,400"
2004-08-17,"32,119","32,397","31,842","32,258","32,359.40",,,"146,963","4,727,886,500"
2004-08-16,"32,258","32,350","31,426","31,842","32,313.20",,,"179,643","5,715,126,200"
2004-08-13,"32,073","32,674","31,750","32,350","32,257.80",,,"420,824","13,519,988,000"
2004-08-12,"32,443","32,766","32,165","32,535","32,165.40",,,"419,735","13,597,813,300"
2004-08-11,"32,212","33,413","32,212","32,812","31,897.40",,,"960,489","31,611,417,000"
2004-08-10,"31,426","32,027","31,426","32,027","31,213.60",,,"218,952","6,966,879,000"
2004-08-09,"31,334","31,750","30,687","31,565","30,686.80",,,"246,183","7,703,241,850"
2004-08-06,"30,825","31,981","30,779","31,888","30,372.40",,,"666,716","21,141,181,000"
2004-08-05,"30,040","31,241","29,855","31,195","30,169.00",,,"504,637","15,439,162,250"
2004-08-04,"28,977","29,624","28,746","29,393","30,076.60",,,"255,385","7,437,964,500"
2004-08-03,"29,577","29,716","28,422","29,393","30,446.20",,,"378,521","11,017,801,400"
2004-08-02,"30,086","30,502","29,346","29,993","30,723.40",,,"222,325","6,650,865,150"
2004-07-30,"30,779","31,195","30,687","30,871","30,926.80",,,"194,934","6,035,643,000"
2004-07-29,"30,779","31,056","30,594","30,733","30,806.80",,,"204,853","6,310,604,500"
2004-07-28,"31,195","31,334","30,871","31,241",,,,"518,392","16,143,853,500"
2004-07-27,"30,918","30,964","29,808","30,779",,,,"579,600","17,588,194,750"
2004-07-26,"30,502","31,611","30,271","31,010",,,,"1,150,331","35,759,972,600"
2004-07-23,"28,699","31,241","27,267","30,271",,,,"3,203,968","95,150,682,250"
